-0.714286 0.714286
-0.713571 0.713571
-0.712857 0.712857
-0.712143 0.712143
-0.711429 0.711429
-0.710714 0.710714
-0.71 0.71
-0.709286 0.709286
-0.708571 0.708571
-0.707857 0.707857
-0.707143 0.707143
-0.706429 0.706429
-0.705714 0.705714
-0.705 0.705
-0.704286 0.704286
-0.703571 0.703571
-0.702857 0.702857
-0.702143 0.702143
-0.701429 0.701429
-0.700714 0.700714
-0.7 0.7
-0.699286 0.699286
-0.698571 0.698571
-0.697857 0.697857
-0.697143 0.697143
-0.696429 0.696429
-0.695714 0.695714
-0.695 0.695
-0.694286 0.694286
-0.693571 0.693571
-0.692857 0.692857
-0.692143 0.692143
-0.691429 0.691429
-0.690714 0.690714
-0.69 0.69
-0.689286 0.689286
-0.688571 0.688571
-0.687857 0.687857
-0.687143 0.687143
-0.686429 0.686429
-0.685714 0.685714
-0.685 0.685
-0.684286 0.684286
-0.683571 0.683571
-0.682857 0.682857
-0.682143 0.682143
-0.681429 0.681429
-0.680714 0.680714
-0.68 0.68
-0.679286 0.679286
-0.678571 0.678571
-0.677857 0.677857
-0.677143 0.677143
-0.676429 0.676429
-0.675714 0.675714
-0.675 0.675
-0.674286 0.674286
-0.673571 0.673571
-0.672857 0.672857
-0.672143 0.672143
-0.671429 0.671429
-0.670714 0.670714
-0.67 0.67
-0.669286 0.669286
-0.668571 0.668571
-0.667857 0.667857
-0.667143 0.667143
-0.666429 0.666429
-0.665714 0.665714
-0.665 0.665
-0.664286 0.664286
-0.663571 0.663571
-0.662857 0.662857
-0.662143 0.662143
-0.661429 0.661429
-0.660714 0.660714
-0.66 0.66
-0.659286 0.659286
-0.658571 0.658571
-0.657857 0.657857
-0.657143 0.657143
-0.656429 0.656429
-0.655714 0.655714
-0.655 0.655
-0.654286 0.654286
-0.653571 0.653571
-0.652857 0.652857
-0.652143 0.652143
-0.651429 0.651429
-0.650714 0.650714
-0.65 0.65
-0.649286 0.649286
-0.648571 0.65
-0.647857 0.649286
-0.647143 0.648571
-0.646429 0.647857
-0.645714 0.647143
-0.645 0.646429
-0.644286 0.645714
-0.643571 0.645
-0.642857 0.644286
-0.642143 0.643571
-0.641429 0.642857
-0.640714 0.642143
-0.64 0.641429
-0.639286 0.640714
-0.638571 0.64
-0.637857 0.639286
-0.637143 0.638571
-0.636429 0.637857
-0.635714 0.637143
-0.635 0.636429
-0.634286 0.635714
-0.633571 0.635
-0.632857 0.634286
-0.632143 0.633571
-0.631429 0.632857
-0.630714 0.632143
-0.63 0.631429
-0.629286 0.630714
-0.628571 0.63
-0.627857 0.629286
-0.627143 0.628571
-0.626429 0.627857
-0.625714 0.627143
-0.625 0.626429
-0.624286 0.625714
-0.623571 0.625
-0.622857 0.624286
-0.622143 0.623571
-0.621429 0.622857
-0.620714 0.622143
-0.62 0.621429
-0.619286 0.620714
-0.618571 0.62
-0.617857 0.619286
-0.617143 0.62
-0.616429 0.619286
-0.615714 0.618571
-0.615 0.617857
-0.614286 0.617143
-0.613571 0.616429
-0.612857 0.615714
-0.612143 0.615
-0.611429 0.614286
-0.610714 0.613571
-0.61 0.612857
-0.609286 0.612143
-0.608571 0.611429
-0.607857 0.610714
-0.607143 0.61
-0.606429 0.609286
-0.605714 0.608571
-0.605 0.607857
-0.604286 0.607143
-0.603571 0.606429
-0.602857 0.605714
-0.602143 0.605
-0.601429 0.604286
-0.600714 0.603571
-0.6 0.602857
-0.599286 0.602143
-0.598571 0.601429
-0.597857 0.600714
-0.597143 0.6
-0.596429 0.599286
-0.595714 0.598571
-0.595 0.597857
-0.594286 0.597143
-0.593571 0.596429
-0.592857 0.595714
-0.592143 0.595
-0.591429 0.595714
-0.590714 0.595
-0.59 0.594286
-0.589286 0.593571
-0.588571 0.592857
-0.587857 0.592143
-0.587143 0.591429
-0.586429 0.590714
-0.585714 0.59
-0.585 0.589286
-0.584286 0.588571
-0.583571 0.587857
-0.582857 0.587143
-0.582143 0.586429
-0.581429 0.585714
-0.580714 0.585
-0.58 0.584286
-0.579286 0.583571
-0.578571 0.582857
-0.577857 0.582143
-0.577143 0.581429
-0.576429 0.580714
-0.575714 0.58
-0.575 0.579286
-0.574286 0.578571
-0.573571 0.579286
-0.572857 0.578571
-0.572143 0.577857
-0.571429 0.577143
-0.570714 0.576429
-0.57 0.577143
-0.569286 0.576429
-0.568571 0.575714
-0.567857 0.575
-0.567143 0.574286
-0.566429 0.573571
-0.565714 0.572857
-0.565 0.572143
-0.564286 0.571429
-0.563571 0.570714
-0.562857 0.57
-0.562143 0.569286
-0.561429 0.568571
-0.560714 0.567857
-0.56 0.567143
-0.559286 0.566429
-0.558571 0.565714
-0.557857 0.565
-0.557143 0.564286
-0.556429 0.563571
-0.555714 0.562857
-0.555 0.562143
-0.554286 0.561429
-0.553571 0.560714
-0.552857 0.56
-0.552143 0.560714
-0.551429 0.56
-0.550714 0.559286
-0.55 0.558571
-0.549286 0.557857
-0.548571 0.557143
-0.547857 0.556429
-0.547143 0.555714
-0.546429 0.555
-0.545714 0.554286
-0.545 0.553571
-0.544286 0.554286
-0.543571 0.553571
-0.542857 0.552857
-0.542143 0.552143
-0.541429 0.551429
-0.540714 0.552143
-0.54 0.551429
-0.539286 0.550714
-0.538571 0.55
-0.537857 0.549286
-0.537143 0.548571
-0.536429 0.547857
-0.535714 0.547143
-0.535 0.546429
-0.534286 0.545714
-0.533571 0.545
-0.532857 0.544286
-0.532143 0.543571
-0.531429 0.542857
-0.530714 0.542143
-0.53 0.541429
-0.529286 0.540714
-0.528571 0.54
-0.527857 0.539286
-0.527143 0.538571
-0.526429 0.537857
-0.525714 0.537143
-0.525 0.536429
-0.524286 0.535714
-0.523571 0.535
-0.522857 0.534286
-0.522143 0.533571
-0.521429 0.532857
-0.520714 0.532143
-0.52 0.531429
-0.519286 0.530714
-0.518571 0.53
-0.517857 0.529286
-0.517143 0.528571
-0.516429 0.527857
-0.515714 0.527143
-0.515 0.526429
-0.514286 0.525714
-0.513571 0.525
-0.512857 0.524286
-0.512143 0.523571
-0.511429 0.522857
-0.510714 0.523571
-0.51 0.522857
-0.509286 0.522143
-0.508571 0.521429
-0.507857 0.520714
-0.507143 0.52
-0.506429 0.519286
-0.505714 0.518571
-0.505 0.517857
-0.504286 0.517143
-0.503571 0.516429
-0.502857 0.515714
-0.502143 0.515
-0.501429 0.514286
-0.500714 0.513571
-0.5 0.512857
-0.499286 0.513571
-0.498571 0.512857
-0.497857 0.512143
-0.497143 0.511429
-0.496429 0.510714
-0.495714 0.51
-0.495 0.509286
-0.494286 0.508571
-0.493571 0.507857
-0.492857 0.507143
-0.492143 0.506429
-0.491429 0.505714
-0.490714 0.505
-0.49 0.505714
-0.489286 0.506429
-0.488571 0.507143
-0.487857 0.506429
-0.487143 0.505714
-0.486429 0.505
-0.485714 0.504286
-0.485 0.503571
-0.484286 0.502857
-0.483571 0.502143
-0.482857 0.501429
-0.482143 0.500714
-0.481429 0.5
-0.480714 0.499286
-0.48 0.498571
-0.479286 0.497857
-0.478571 0.497143
-0.477857 0.496429
-0.477143 0.495714
-0.476429 0.495
-0.475714 0.494286
-0.475 0.493571
-0.474286 0.492857
-0.473571 0.492143
-0.472857 0.491429
-0.472143 0.492143
-0.471429 0.492857
-0.470714 0.492143
-0.47 0.491429
-0.469286 0.490714
-0.468571 0.49
-0.467857 0.489286
-0.467143 0.488571
-0.466429 0.489286
-0.465714 0.488571
-0.465 0.487857
-0.464286 0.487143
-0.463571 0.486429
-0.462857 0.485714
-0.462143 0.485
-0.461429 0.484286
-0.460714 0.483571
-0.46 0.482857
-0.459286 0.482143
-0.458571 0.481429
-0.457857 0.480714
-0.457143 0.48
-0.456429 0.479286
-0.455714 0.48
-0.455 0.479286
-0.454286 0.478571
-0.453571 0.477857
-0.452857 0.478571
-0.452143 0.477857
-0.451429 0.477143
-0.450714 0.476429
-0.45 0.475714
-0.449286 0.475
-0.448571 0.474286
-0.447857 0.473571
-0.447143 0.472857
-0.446429 0.472143
-0.445714 0.471429
-0.445 0.470714
-0.444286 0.471429
-0.443571 0.470714
-0.442857 0.47
-0.442143 0.469286
-0.441429 0.468571
-0.440714 0.467857
-0.44 0.467143
-0.439286 0.466429
-0.438571 0.465714
-0.437857 0.465
-0.437143 0.464286
-0.436429 0.463571
-0.435714 0.462857
-0.435 0.462143
-0.434286 0.461429
-0.433571 0.460714
-0.432857 0.46
-0.432143 0.459286
-0.431429 0.458571
-0.430714 0.457857
-0.43 0.457143
-0.429286 0.456429
-0.428571 0.455714
-0.427857 0.455
-0.427143 0.455714
-0.426429 0.455
-0.425714 0.454286
-0.425 0.453571
-0.424286 0.452857
-0.423571 0.453571
-0.422857 0.452857
-0.422143 0.452143
-0.421429 0.452857
-0.420714 0.452143
-0.42 0.451429
-0.419286 0.450714
-0.418571 0.45
-0.417857 0.450714
-0.417143 0.451429
-0.416429 0.450714
-0.415714 0.451429
-0.415 0.450714
-0.414286 0.45
-0.413571 0.449286
-0.412857 0.448571
-0.412143 0.449286
-0.411429 0.448571
-0.410714 0.447857
-0.41 0.447143
-0.409286 0.446429
-0.408571 0.445714
-0.407857 0.445
-0.407143 0.444286
-0.406429 0.445
-0.405714 0.444286
-0.405 0.443571
-0.404286 0.442857
-0.403571 0.442143
-0.402857 0.441429
-0.402143 0.440714
-0.401429 0.44
-0.400714 0.439286
-0.4 0.438571
-0.399286 0.437857
-0.398571 0.438571
-0.397857 0.437857
-0.397143 0.438571
-0.396429 0.437857
-0.395714 0.437143
-0.395 0.436429
-0.394286 0.435714
-0.393571 0.435
-0.392857 0.434286
-0.392143 0.433571
-0.391429 0.432857
-0.390714 0.432143
-0.39 0.431429
-0.389286 0.430714
-0.388571 0.43
-0.387857 0.430714
-0.387143 0.43
-0.386429 0.429286
-0.385714 0.43
-0.385 0.429286
-0.384286 0.43
-0.383571 0.429286
-0.382857 0.428571
-0.382143 0.427857
-0.381429 0.427143
-0.380714 0.426429
-0.38 0.425714
-0.379286 0.425
-0.378571 0.424286
-0.377857 0.423571
-0.377143 0.422857
-0.376429 0.422143
-0.375714 0.422857
-0.375 0.423571
-0.374286 0.422857
-0.373571 0.422143
-0.372857 0.421429
-0.372143 0.420714
-0.371429 0.42
-0.370714 0.420714
-0.37 0.42
-0.369286 0.419286
-0.368571 0.418571
-0.367857 0.419286
-0.367143 0.418571
-0.366429 0.417857
-0.365714 0.417143
-0.365 0.417857
-0.364286 0.418571
-0.363571 0.417857
-0.362857 0.417143
-0.362143 0.416429
-0.361429 0.415714
-0.360714 0.415
-0.36 0.415714
-0.359286 0.415
-0.358571 0.414286
-0.357857 0.413571
-0.357143 0.412857
-0.356429 0.412143
-0.355714 0.411429
-0.355 0.410714
-0.354286 0.41
-0.353571 0.409286
-0.352857 0.408571
-0.352143 0.409286
-0.351429 0.408571
-0.350714 0.409286
-0.35 0.41
-0.349286 0.410714
-0.348571 0.41
-0.347857 0.410714
-0.347143 0.41
-0.346429 0.409286
-0.345714 0.408571
-0.345 0.407857
-0.344286 0.407143
-0.343571 0.407857
-0.342857 0.407143
-0.342143 0.406429
-0.341429 0.405714
-0.340714 0.405
-0.34 0.404286
-0.339286 0.405
-0.338571 0.405714
-0.337857 0.406429
-0.337143 0.407143
-0.336429 0.406429
-0.335714 0.405714
-0.335 0.405
-0.334286 0.404286
-0.333571 0.403571
-0.332857 0.404286
-0.332143 0.403571
-0.331429 0.402857
-0.330714 0.402143
-0.33 0.401429
-0.329286 0.400714
-0.328571 0.4
-0.327857 0.399286
-0.327143 0.4
-0.326429 0.399286
-0.325714 0.398571
-0.325 0.397857
-0.324286 0.397143
-0.323571 0.396429
-0.322857 0.395714
-0.322143 0.395
-0.321429 0.395714
-0.320714 0.395
-0.32 0.394286
-0.319286 0.393571
-0.318571 0.394286
-0.317857 0.395
-0.317143 0.394286
-0.316429 0.393571
-0.315714 0.392857
-0.315 0.392143
-0.314286 0.391429
-0.313571 0.390714
-0.312857 0.39
-0.312143 0.390714
-0.311429 0.391429
-0.310714 0.392143
-0.31 0.391429
-0.309286 0.392143
-0.308571 0.392857
-0.307857 0.392143
-0.307143 0.391429
-0.306429 0.390714
-0.305714 0.391429
-0.305 0.392143
-0.304286 0.391429
-0.303571 0.390714
-0.302857 0.391429
-0.302143 0.390714
-0.301429 0.39
-0.300714 0.389286
-0.3 0.388571
-0.299286 0.387857
-0.298571 0.387143
-0.297857 0.387857
-0.297143 0.387143
-0.296429 0.386429
-0.295714 0.385714
-0.295 0.386429
-0.294286 0.385714
-0.293571 0.385
-0.292857 0.384286
-0.292143 0.383571
-0.291429 0.382857
-0.290714 0.382143
-0.29 0.382857
-0.289286 0.383571
-0.288571 0.382857
-0.287857 0.382143
-0.287143 0.381429
-0.286429 0.380714
-0.285714 0.38
-0.285 0.379286
-0.284286 0.378571
-0.283571 0.377857
-0.282857 0.377143
-0.282143 0.377857
-0.281429 0.377143
-0.280714 0.377857
-0.28 0.377143
-0.279286 0.376429
-0.278571 0.375714
-0.277857 0.375
-0.277143 0.375714
-0.276429 0.376429
-0.275714 0.375714
-0.275 0.375
-0.274286 0.374286
-0.273571 0.373571
-0.272857 0.372857
-0.272143 0.372143
-0.271429 0.371429
-0.270714 0.370714
-0.27 0.37
-0.269286 0.370714
-0.268571 0.37
-0.267857 0.369286
-0.267143 0.368571
-0.266429 0.369286
-0.265714 0.368571
-0.265 0.367857
-0.264286 0.368571
-0.263571 0.367857
-0.262857 0.367143
-0.262143 0.367857
-0.261429 0.367143
-0.260714 0.366429
-0.26 0.367143
-0.259286 0.367857
-0.258571 0.367143
-0.257857 0.366429
-0.257143 0.365714
-0.256429 0.365
-0.255714 0.364286
-0.255 0.363571
-0.254286 0.362857
-0.253571 0.362143
-0.252857 0.361429
-0.252143 0.360714
-0.251429 0.36
-0.250714 0.360714
-0.25 0.36
-0.249286 0.360714
-0.248571 0.361429
-0.247857 0.360714
-0.247143 0.36
-0.246429 0.360714
-0.245714 0.36
-0.245 0.359286
-0.244286 0.358571
-0.243571 0.357857
-0.242857 0.357143
-0.242143 0.356429
-0.241429 0.355714
-0.240714 0.355
-0.24 0.354286
-0.239286 0.353571
-0.238571 0.352857
-0.237857 0.352143
-0.237143 0.351429
-0.236429 0.350714
-0.235714 0.35
-0.235 0.349286
-0.234286 0.348571
-0.233571 0.347857
-0.232857 0.347143
-0.232143 0.346429
-0.231429 0.345714
-0.230714 0.345
-0.23 0.345714
-0.229286 0.346429
-0.228571 0.347143
-0.227857 0.346429
-0.227143 0.345714
-0.226429 0.346429
-0.225714 0.347143
-0.225 0.347857
-0.224286 0.348571
-0.223571 0.347857
-0.222857 0.347143
-0.222143 0.346429
-0.221429 0.345714
-0.220714 0.346429
-0.22 0.345714
-0.219286 0.346429
-0.218571 0.345714
-0.217857 0.346429
-0.217143 0.347143
-0.216429 0.347857
-0.215714 0.347143
-0.215 0.346429
-0.214286 0.345714
-0.213571 0.346429
-0.212857 0.347143
-0.212143 0.346429
-0.211429 0.345714
-0.210714 0.346429
-0.21 0.347143
-0.209286 0.346429
-0.208571 0.345714
-0.207857 0.345
-0.207143 0.344286
-0.206429 0.343571
-0.205714 0.344286
-0.205 0.343571
-0.204286 0.342857
-0.203571 0.342143
-0.202857 0.341429
-0.202143 0.340714
-0.201429 0.34
-0.200714 0.339286
-0.2 0.338571
-0.199286 0.337857
-0.198571 0.338571
-0.197857 0.339286
-0.197143 0.338571
-0.196429 0.337857
-0.195714 0.337143
-0.195 0.337857
-0.194286 0.338571
-0.193571 0.337857
-0.192857 0.337143
-0.192143 0.336429
-0.191429 0.335714
-0.190714 0.335
-0.19 0.334286
-0.189286 0.335
-0.188571 0.335714
-0.187857 0.336429
-0.187143 0.335714
-0.186429 0.336429
-0.185714 0.335714
-0.185 0.336429
-0.184286 0.337143
-0.183571 0.337857
-0.182857 0.337143
-0.182143 0.336429
-0.181429 0.337143
-0.180714 0.336429
-0.18 0.335714
-0.179286 0.335
-0.178571 0.334286
-0.177857 0.333571
-0.177143 0.334286
-0.176429 0.333571
-0.175714 0.332857
-0.175 0.332143
-0.174286 0.331429
-0.173571 0.330714
-0.172857 0.331429
-0.172143 0.330714
-0.171429 0.33
-0.170714 0.329286
-0.17 0.328571
-0.169286 0.327857
-0.168571 0.328571
-0.167857 0.329286
-0.167143 0.33
-0.166429 0.330714
-0.165714 0.33
-0.165 0.329286
-0.164286 0.328571
-0.163571 0.327857
-0.162857 0.327143
-0.162143 0.326429
-0.161429 0.325714
-0.160714 0.325
-0.16 0.325714
-0.159286 0.325
-0.158571 0.324286
-0.157857 0.323571
-0.157143 0.322857
-0.156429 0.322143
-0.155714 0.321429
-0.155 0.320714
-0.154286 0.321429
-0.153571 0.320714
-0.152857 0.321429
-0.152143 0.322143
-0.151429 0.321429
-0.150714 0.320714
-0.15 0.32
-0.149286 0.319286
-0.148571 0.318571
-0.147857 0.319286
-0.147143 0.32
-0.146429 0.320714
-0.145714 0.32
-0.145 0.320714
-0.144286 0.321429
-0.143571 0.320714
-0.142857 0.32
-0.142143 0.319286
-0.141429 0.318571
-0.140714 0.317857
-0.14 0.317143
-0.139286 0.317857
-0.138571 0.317143
-0.137857 0.317857
-0.137143 0.317143
-0.136429 0.317857
-0.135714 0.318571
-0.135 0.317857
-0.134286 0.318571
-0.133571 0.317857
-0.132857 0.317143
-0.132143 0.316429
-0.131429 0.317143
-0.130714 0.316429
-0.13 0.315714
-0.129286 0.315
-0.128571 0.315714
-0.127857 0.315
-0.127143 0.314286
-0.126429 0.313571
-0.125714 0.314286
-0.125 0.315
-0.124286 0.314286
-0.123571 0.315
-0.122857 0.315714
-0.122143 0.315
-0.121429 0.314286
-0.120714 0.313571
-0.12 0.312857
-0.119286 0.312143
-0.118571 0.311429
-0.117857 0.312143
-0.117143 0.312857
-0.116429 0.313571
-0.115714 0.314286
-0.115 0.315
-0.114286 0.315714
-0.113571 0.316429
-0.112857 0.317143
-0.112143 0.316429
-0.111429 0.315714
-0.110714 0.315
-0.11 0.314286
-0.109286 0.313571
-0.108571 0.312857
-0.107857 0.313571
-0.107143 0.314286
-0.106429 0.313571
-0.105714 0.314286
-0.105 0.313571
-0.104286 0.312857
-0.103571 0.312143
-0.102857 0.311429
-0.102143 0.310714
-0.101429 0.31
-0.100714 0.309286
-0.1 0.31
-0.0992857 0.309286
-0.0985714 0.31
-0.0978571 0.310714
-0.0971429 0.31
-0.0964286 0.310714
-0.0957143 0.31
-0.095 0.310714
-0.0942857 0.31
-0.0935714 0.309286
-0.0928571 0.308571
-0.0921429 0.307857
-0.0914286 0.307143
-0.0907143 0.306429
-0.09 0.305714
-0.0892857 0.306429
-0.0885714 0.307143
-0.0878571 0.306429
-0.0871429 0.305714
-0.0864286 0.306429
-0.0857143 0.305714
-0.085 0.306429
-0.0842857 0.307143
-0.0835714 0.307857
-0.0828571 0.308571
-0.0821429 0.309286
-0.0814286 0.31
-0.0807143 0.309286
-0.08 0.31
-0.0792857 0.309286
-0.0785714 0.31
-0.0778571 0.309286
-0.0771429 0.308571
-0.0764286 0.307857
-0.0757143 0.307143
-0.075 0.306429
-0.0742857 0.305714
-0.0735714 0.305
-0.0728571 0.304286
-0.0721429 0.303571
-0.0714286 0.304286
-0.0707143 0.303571
-0.07 0.304286
-0.0692857 0.303571
-0.0685714 0.302857
-0.0678571 0.303571
-0.0671429 0.302857
-0.0664286 0.303571
-0.0657143 0.304286
-0.065 0.303571
-0.0642857 0.302857
-0.0635714 0.302143
-0.0628571 0.301429
-0.0621429 0.300714
-0.0614286 0.3
-0.0607143 0.299286
-0.06 0.3
-0.0592857 0.299286
-0.0585714 0.298571
-0.0578571 0.297857
-0.0571429 0.297143
-0.0564286 0.296429
-0.0557143 0.297143
-0.055 0.296429
-0.0542857 0.295714
-0.0535714 0.296429
-0.0528571 0.297143
-0.0521429 0.297857
-0.0514286 0.298571
-0.0507143 0.297857
-0.05 0.298571
-0.0492857 0.299286
-0.0485714 0.3
-0.0478571 0.299286
-0.0471429 0.3
-0.0464286 0.300714
-0.0457143 0.301429
-0.045 0.300714
-0.0442857 0.301429
-0.0435714 0.302143
-0.0428571 0.302857
-0.0421429 0.302143
-0.0414286 0.302857
-0.0407143 0.302143
-0.04 0.301429
-0.0392857 0.300714
-0.0385714 0.3
-0.0378571 0.300714
-0.0371429 0.3
-0.0364286 0.299286
-0.0357143 0.298571
-0.035 0.299286
-0.0342857 0.298571
-0.0335714 0.297857
-0.0328571 0.297143
-0.0321429 0.296429
-0.0314286 0.295714
-0.0307143 0.295
-0.03 0.294286
-0.0292857 0.293571
-0.0285714 0.292857
-0.0278571 0.293571
-0.0271429 0.292857
-0.0264286 0.293571
-0.0257143 0.292857
-0.025 0.292143
-0.0242857 0.292857
-0.0235714 0.292143
-0.0228571 0.291429
-0.0221429 0.290714
-0.0214286 0.29
-0.0207143 0.289286
-0.02 0.288571
-0.0192857 0.287857
-0.0185714 0.287143
-0.0178571 0.287857
-0.0171429 0.287143
-0.0164286 0.287857
-0.0157143 0.287143
-0.015 0.286429
-0.0142857 0.285714
-0.0135714 0.286429
-0.0128571 0.287143
-0.0121429 0.287857
-0.0114286 0.287143
-0.0107143 0.287857
-0.01 0.288571
-0.00928571 0.289286
-0.00857143 0.29
-0.00785714 0.290714
-0.00714286 0.291429
-0.00642857 0.290714
-0.00571429 0.291429
-0.005 0.292143
-0.00428571 0.292857
-0.00357143 0.293571
-0.00285714 0.292857
-0.00214286 0.292143
-0.00142857 0.292857
-0.000714286 0.292143
0 0.291429
0.000714286 0.290714
0.00142857 0.291429
0.00214286 0.290714
0.00285714 0.29
0.00357143 0.290714
0.00428571 0.29
0.005 0.289286
0.00571429 0.288571
0.00642857 0.287857
0.00714286 0.287143
0.00785714 0.287857
0.00857143 0.288571
0.00928571 0.289286
0.01 0.288571
0.0107143 0.289286
0.0114286 0.29
0.0121429 0.289286
0.0128571 0.288571
0.0135714 0.289286
0.0142857 0.29
0.015 0.290714
0.0157143 0.291429
0.0164286 0.292143
0.0171429 0.292857
0.0178571 0.292143
0.0185714 0.291429
0.0192857 0.292143
0.02 0.292857
0.0207143 0.293571
0.0214286 0.294286
0.0221429 0.293571
0.0228571 0.292857
0.0235714 0.293571
0.0242857 0.294286
0.025 0.295
0.0257143 0.295714
0.0264286 0.295
0.0271429 0.294286
0.0278571 0.295
0.0285714 0.295714
0.0292857 0.296429
0.03 0.297143
0.0307143 0.297857
0.0314286 0.297143
0.0321429 0.296429
0.0328571 0.297143
0.0335714 0.296429
0.0342857 0.297143
0.035 0.297857
0.0357143 0.297143
0.0364286 0.297857
0.0371429 0.298571
0.0378571 0.299286
0.0385714 0.3
0.0392857 0.299286
0.04 0.3
0.0407143 0.300714
0.0414286 0.301429
0.0421429 0.300714
0.0428571 0.301429
0.0435714 0.302143
0.0442857 0.302857
0.045 0.302143
0.0457143 0.302857
0.0464286 0.303571
0.0471429 0.302857
0.0478571 0.303571
0.0485714 0.304286
0.0492857 0.305
0.05 0.304286
0.0507143 0.305
0.0514286 0.305714
0.0521429 0.305
0.0528571 0.304286
0.0535714 0.303571
0.0542857 0.304286
0.055 0.303571
0.0557143 0.302857
0.0564286 0.302143
0.0571429 0.301429
0.0578571 0.300714
0.0585714 0.3
0.0592857 0.299286
0.06 0.298571
0.0607143 0.299286
0.0614286 0.3
0.0621429 0.300714
0.0628571 0.301429
0.0635714 0.302143
0.0642857 0.302857
0.065 0.303571
0.0657143 0.302857
0.0664286 0.302143
0.0671429 0.302857
0.0678571 0.303571
0.0685714 0.302857
0.0692857 0.302143
0.07 0.302857
0.0707143 0.303571
0.0714286 0.304286
0.0721429 0.305
0.0728571 0.305714
0.0735714 0.306429
0.0742857 0.307143
0.075 0.307857
0.0757143 0.308571
0.0764286 0.307857
0.0771429 0.308571
0.0778571 0.309286
0.0785714 0.31
0.0792857 0.310714
0.08 0.31
0.0807143 0.309286
0.0814286 0.31
0.0821429 0.310714
0.0828571 0.311429
0.0835714 0.312143
0.0842857 0.312857
0.085 0.312143
0.0857143 0.312857
0.0864286 0.312143
0.0871429 0.312857
0.0878571 0.313571
0.0885714 0.314286
0.0892857 0.315
0.09 0.315714
0.0907143 0.315
0.0914286 0.314286
0.0921429 0.313571
0.0928571 0.312857
0.0935714 0.312143
0.0942857 0.311429
0.095 0.312143
0.0957143 0.311429
0.0964286 0.312143
0.0971429 0.312857
0.0978571 0.313571
0.0985714 0.314286
0.0992857 0.313571
0.1 0.314286
0.100714 0.315
0.101429 0.314286
0.102143 0.315
0.102857 0.314286
0.103571 0.315
0.104286 0.315714
0.105 0.316429
0.105714 0.317143
0.106429 0.316429
0.107143 0.315714
0.107857 0.315
0.108571 0.315714
0.109286 0.316429
0.11 0.317143
0.110714 0.317857
0.111429 0.318571
0.112143 0.319286
0.112857 0.32
0.113571 0.319286
0.114286 0.32
0.115 0.320714
0.115714 0.321429
0.116429 0.322143
0.117143 0.322857
0.117857 0.322143
0.118571 0.321429
0.119286 0.320714
0.12 0.321429
0.120714 0.322143
0.121429 0.322857
0.122143 0.323571
0.122857 0.324286
0.123571 0.325
0.124286 0.325714
0.125 0.326429
0.125714 0.327143
0.126429 0.326429
0.127143 0.327143
0.127857 0.326429
0.128571 0.325714
0.129286 0.325
0.13 0.324286
0.130714 0.325
0.131429 0.325714
0.132143 0.325
0.132857 0.325714
0.133571 0.326429
0.134286 0.327143
0.135 0.327857
0.135714 0.328571
0.136429 0.327857
0.137143 0.327143
0.137857 0.327857
0.138571 0.328571
0.139286 0.327857
0.14 0.328571
0.140714 0.329286
0.141429 0.33
0.142143 0.329286
0.142857 0.328571
0.143571 0.327857
0.144286 0.327143
0.145 0.327857
0.145714 0.328571
0.146429 0.327857
0.147143 0.328571
0.147857 0.327857
0.148571 0.327143
0.149286 0.327857
0.15 0.328571
0.150714 0.327857
0.151429 0.327143
0.152143 0.327857
0.152857 0.327143
0.153571 0.327857
0.154286 0.328571
0.155 0.329286
0.155714 0.33
0.156429 0.330714
0.157143 0.331429
0.157857 0.332143
0.158571 0.331429
0.159286 0.332143
0.16 0.331429
0.160714 0.332143
0.161429 0.331429
0.162143 0.330714
0.162857 0.33
0.163571 0.329286
0.164286 0.33
0.165 0.330714
0.165714 0.331429
0.166429 0.332143
0.167143 0.332857
0.167857 0.332143
0.168571 0.331429
0.169286 0.330714
0.17 0.33
0.170714 0.330714
0.171429 0.33
0.172143 0.330714
0.172857 0.331429
0.173571 0.332143
0.174286 0.331429
0.175 0.332143
0.175714 0.331429
0.176429 0.330714
0.177143 0.331429
0.177857 0.332143
0.178571 0.332857
0.179286 0.333571
0.18 0.334286
0.180714 0.335
0.181429 0.335714
0.182143 0.336429
0.182857 0.337143
0.183571 0.337857
0.184286 0.338571
0.185 0.337857
0.185714 0.338571
0.186429 0.339286
0.187143 0.338571
0.187857 0.339286
0.188571 0.34
0.189286 0.340714
0.19 0.341429
0.190714 0.342143
0.191429 0.342857
0.192143 0.343571
0.192857 0.344286
0.193571 0.343571
0.194286 0.342857
0.195 0.343571
0.195714 0.344286
0.196429 0.345
0.197143 0.344286
0.197857 0.345
0.198571 0.345714
0.199286 0.346429
0.2 0.347143
0.200714 0.347857
0.201429 0.347143
0.202143 0.347857
0.202857 0.347143
0.203571 0.347857
0.204286 0.348571
0.205 0.349286
0.205714 0.35
0.206429 0.350714
0.207143 0.351429
0.207857 0.352143
0.208571 0.351429
0.209286 0.352143
0.21 0.352857
0.210714 0.353571
0.211429 0.352857
0.212143 0.352143
0.212857 0.351429
0.213571 0.352143
0.214286 0.352857
0.215 0.352143
0.215714 0.352857
0.216429 0.353571
0.217143 0.354286
0.217857 0.353571
0.218571 0.352857
0.219286 0.352143
0.22 0.351429
0.220714 0.352143
0.221429 0.352857
0.222143 0.353571
0.222857 0.352857
0.223571 0.353571
0.224286 0.354286
0.225 0.353571
0.225714 0.354286
0.226429 0.353571
0.227143 0.354286
0.227857 0.353571
0.228571 0.354286
0.229286 0.355
0.23 0.355714
0.230714 0.356429
0.231429 0.355714
0.232143 0.356429
0.232857 0.357143
0.233571 0.357857
0.234286 0.357143
0.235 0.357857
0.235714 0.358571
0.236429 0.359286
0.237143 0.36
0.237857 0.360714
0.238571 0.361429
0.239286 0.360714
0.24 0.36
0.240714 0.360714
0.241429 0.36
0.242143 0.359286
0.242857 0.36
0.243571 0.359286
0.244286 0.36
0.245 0.359286
0.245714 0.358571
0.246429 0.359286
0.247143 0.36
0.247857 0.360714
0.248571 0.361429
0.249286 0.362143
0.25 0.361429
0.250714 0.362143
0.251429 0.361429
0.252143 0.360714
0.252857 0.361429
0.253571 0.360714
0.254286 0.36
0.255 0.359286
0.255714 0.358571
0.256429 0.359286
0.257143 0.358571
0.257857 0.359286
0.258571 0.36
0.259286 0.359286
0.26 0.358571
0.260714 0.359286
0.261429 0.36
0.262143 0.360714
0.262857 0.36
0.263571 0.360714
0.264286 0.361429
0.265 0.362143
0.265714 0.362857
0.266429 0.363571
0.267143 0.364286
0.267857 0.365
0.268571 0.365714
0.269286 0.366429
0.27 0.367143
0.270714 0.367857
0.271429 0.368571
0.272143 0.369286
0.272857 0.37
0.273571 0.370714
0.274286 0.371429
0.275 0.372143
0.275714 0.372857
0.276429 0.372143
0.277143 0.372857
0.277857 0.373571
0.278571 0.374286
0.279286 0.375
0.28 0.375714
0.280714 0.376429
0.281429 0.377143
0.282143 0.377857
0.282857 0.378571
0.283571 0.377857
0.284286 0.377143
0.285 0.377857
0.285714 0.378571
0.286429 0.379286
0.287143 0.378571
0.287857 0.379286
0.288571 0.38
0.289286 0.380714
0.29 0.381429
0.290714 0.382143
0.291429 0.382857
0.292143 0.383571
0.292857 0.384286
0.293571 0.383571
0.294286 0.384286
0.295 0.383571
0.295714 0.382857
0.296429 0.383571
0.297143 0.384286
0.297857 0.385
0.298571 0.385714
0.299286 0.386429
0.3 0.387143
0.300714 0.387857
0.301429 0.388571
0.302143 0.389286
0.302857 0.39
0.303571 0.390714
0.304286 0.391429
0.305 0.392143
0.305714 0.392857
0.306429 0.393571
0.307143 0.392857
0.307857 0.393571
0.308571 0.394286
0.309286 0.395
0.31 0.394286
0.310714 0.393571
0.311429 0.392857
0.312143 0.393571
0.312857 0.394286
0.313571 0.395
0.314286 0.395714
0.315 0.396429
0.315714 0.397143
0.316429 0.397857
0.317143 0.397143
0.317857 0.397857
0.318571 0.398571
0.319286 0.399286
0.32 0.4
0.320714 0.400714
0.321429 0.401429
0.322143 0.402143
0.322857 0.401429
0.323571 0.402143
0.324286 0.401429
0.325 0.402143
0.325714 0.401429
0.326429 0.400714
0.327143 0.401429
0.327857 0.400714
0.328571 0.401429
0.329286 0.400714
0.33 0.401429
0.330714 0.402143
0.331429 0.402857
0.332143 0.402143
0.332857 0.401429
0.333571 0.402143
0.334286 0.402857
0.335 0.403571
0.335714 0.404286
0.336429 0.405
0.337143 0.405714
0.337857 0.405
0.338571 0.405714
0.339286 0.405
0.34 0.405714
0.340714 0.406429
0.341429 0.407143
0.342143 0.407857
0.342857 0.408571
0.343571 0.409286
0.344286 0.41
0.345 0.409286
0.345714 0.41
0.346429 0.410714
0.347143 0.411429
0.347857 0.410714
0.348571 0.411429
0.349286 0.412143
0.35 0.412857
0.350714 0.413571
0.351429 0.414286
0.352143 0.415
0.352857 0.415714
0.353571 0.416429
0.354286 0.417143
0.355 0.417857
0.355714 0.418571
0.356429 0.417857
0.357143 0.418571
0.357857 0.417857
0.358571 0.417143
0.359286 0.417857
0.36 0.417143
0.360714 0.417857
0.361429 0.418571
0.362143 0.417857
0.362857 0.418571
0.363571 0.417857
0.364286 0.418571
0.365 0.417857
0.365714 0.418571
0.366429 0.419286
0.367143 0.42
0.367857 0.420714
0.368571 0.421429
0.369286 0.422143
0.37 0.422857
0.370714 0.422143
0.371429 0.422857
0.372143 0.423571
0.372857 0.424286
0.373571 0.425
0.374286 0.425714
0.375 0.425
0.375714 0.425714
0.376429 0.425
0.377143 0.425714
0.377857 0.426429
0.378571 0.427143
0.379286 0.427857
0.38 0.428571
0.380714 0.429286
0.381429 0.43
0.382143 0.430714
0.382857 0.431429
0.383571 0.432143
0.384286 0.431429
0.385 0.432143
0.385714 0.431429
0.386429 0.432143
0.387143 0.432857
0.387857 0.433571
0.388571 0.434286
0.389286 0.433571
0.39 0.432857
0.390714 0.433571
0.391429 0.434286
0.392143 0.435
0.392857 0.435714
0.393571 0.436429
0.394286 0.437143
0.395 0.437857
0.395714 0.438571
0.396429 0.437857
0.397143 0.438571
0.397857 0.439286
0.398571 0.44
0.399286 0.440714
0.4 0.44
0.400714 0.440714
0.401429 0.44
0.402143 0.440714
0.402857 0.441429
0.403571 0.442143
0.404286 0.442857
0.405 0.442143
0.405714 0.442857
0.406429 0.443571
0.407143 0.444286
0.407857 0.445
0.408571 0.445714
0.409286 0.446429
0.41 0.447143
0.410714 0.447857
0.411429 0.448571
0.412143 0.449286
0.412857 0.45
0.413571 0.450714
0.414286 0.451429
0.415 0.452143
0.415714 0.452857
0.416429 0.453571
0.417143 0.454286
0.417857 0.455
0.418571 0.455714
0.419286 0.456429
0.42 0.457143
0.420714 0.457857
0.421429 0.457143
0.422143 0.457857
0.422857 0.458571
0.423571 0.459286
0.424286 0.46
0.425 0.460714
0.425714 0.461429
0.426429 0.462143
0.427143 0.462857
0.427857 0.463571
0.428571 0.464286
0.429286 0.465
0.43 0.465714
0.430714 0.466429
0.431429 0.467143
0.432143 0.467857
0.432857 0.468571
0.433571 0.469286
0.434286 0.468571
0.435 0.469286
0.435714 0.47
0.436429 0.470714
0.437143 0.471429
0.437857 0.472143
0.438571 0.472857
0.439286 0.473571
0.44 0.474286
0.440714 0.475
0.441429 0.475714
0.442143 0.476429
0.442857 0.475714
0.443571 0.476429
0.444286 0.477143
0.445 0.477857
0.445714 0.478571
0.446429 0.479286
0.447143 0.48
0.447857 0.480714
0.448571 0.481429
0.449286 0.482143
0.45 0.482857
0.450714 0.483571
0.451429 0.484286
0.452143 0.485
0.452857 0.485714
0.453571 0.486429
0.454286 0.487143
0.455 0.486429
0.455714 0.485714
0.456429 0.486429
0.457143 0.487143
0.457857 0.487857
0.458571 0.488571
0.459286 0.489286
0.46 0.488571
0.460714 0.487857
0.461429 0.488571
0.462143 0.489286
0.462857 0.49
0.463571 0.490714
0.464286 0.491429
0.465 0.490714
0.465714 0.491429
0.466429 0.492143
0.467143 0.492857
0.467857 0.493571
0.468571 0.494286
0.469286 0.495
0.47 0.495714
0.470714 0.496429
0.471429 0.497143
0.472143 0.497857
0.472857 0.497143
0.473571 0.497857
0.474286 0.498571
0.475 0.499286
0.475714 0.5
0.476429 0.500714
0.477143 0.501429
0.477857 0.502143
0.478571 0.502857
0.479286 0.503571
0.48 0.502857
0.480714 0.503571
0.481429 0.504286
0.482143 0.505
0.482857 0.504286
0.483571 0.505
0.484286 0.505714
0.485 0.506429
0.485714 0.507143
0.486429 0.507857
0.487143 0.508571
0.487857 0.509286
0.488571 0.51
0.489286 0.510714
0.49 0.511429
0.490714 0.512143
0.491429 0.512857
0.492143 0.513571
0.492857 0.514286
0.493571 0.515
0.494286 0.515714
0.495 0.515
0.495714 0.515714
0.496429 0.516429
0.497143 0.517143
0.497857 0.517857
0.498571 0.517143
0.499286 0.517857
0.5 0.518571
0.500714 0.519286
0.501429 0.52
0.502143 0.520714
0.502857 0.521429
0.503571 0.522143
0.504286 0.522857
0.505 0.522143
0.505714 0.522857
0.506429 0.523571
0.507143 0.524286
0.507857 0.525
0.508571 0.525714
0.509286 0.525
0.51 0.525714
0.510714 0.526429
0.511429 0.527143
0.512143 0.527857
0.512857 0.528571
0.513571 0.529286
0.514286 0.53
0.515 0.530714
0.515714 0.531429
0.516429 0.532143
0.517143 0.532857
0.517857 0.533571
0.518571 0.534286
0.519286 0.535
0.52 0.535714
0.520714 0.536429
0.521429 0.537143
0.522143 0.537857
0.522857 0.538571
0.523571 0.539286
0.524286 0.54
0.525 0.540714
0.525714 0.541429
0.526429 0.542143
0.527143 0.542857
0.527857 0.543571
0.528571 0.544286
0.529286 0.543571
0.53 0.544286
0.530714 0.545
0.531429 0.545714
0.532143 0.546429
0.532857 0.547143
0.533571 0.547857
0.534286 0.548571
0.535 0.549286
0.535714 0.55
0.536429 0.550714
0.537143 0.55
0.537857 0.549286
0.538571 0.55
0.539286 0.550714
0.54 0.551429
0.540714 0.552143
0.541429 0.552857
0.542143 0.553571
0.542857 0.554286
0.543571 0.555
0.544286 0.555714
0.545 0.556429
0.545714 0.557143
0.546429 0.557857
0.547143 0.557143
0.547857 0.557857
0.548571 0.558571
0.549286 0.559286
0.55 0.56
0.550714 0.560714
0.551429 0.561429
0.552143 0.562143
0.552857 0.562857
0.553571 0.563571
0.554286 0.564286
0.555 0.563571
0.555714 0.562857
0.556429 0.563571
0.557143 0.564286
0.557857 0.565
0.558571 0.565714
0.559286 0.566429
0.56 0.567143
0.560714 0.567857
0.561429 0.568571
0.562143 0.569286
0.562857 0.57
0.563571 0.570714
0.564286 0.571429
0.565 0.572143
0.565714 0.572857
0.566429 0.573571
0.567143 0.574286
0.567857 0.575
0.568571 0.575714
0.569286 0.576429
0.57 0.577143
0.570714 0.576429
0.571429 0.577143
0.572143 0.576429
0.572857 0.577143
0.573571 0.576429
0.574286 0.577143
0.575 0.577857
0.575714 0.578571
0.576429 0.579286
0.577143 0.58
0.577857 0.580714
0.578571 0.581429
0.579286 0.582143
0.58 0.582857
0.580714 0.583571
0.581429 0.584286
0.582143 0.585
0.582857 0.585714
0.583571 0.586429
0.584286 0.587143
0.585 0.587857
0.585714 0.588571
0.586429 0.589286
0.587143 0.59
0.587857 0.590714
0.588571 0.591429
0.589286 0.592143
0.59 0.592857
0.590714 0.593571
0.591429 0.594286
0.592143 0.595
0.592857 0.595714
0.593571 0.596429
0.594286 0.597143
0.595 0.597857
0.595714 0.598571
0.596429 0.599286
0.597143 0.6
0.597857 0.600714
0.598571 0.601429
0.599286 0.602143
0.6 0.602857
0.600714 0.603571
0.601429 0.604286
0.602143 0.605
0.602857 0.605714
0.603571 0.606429
0.604286 0.607143
0.605 0.607857
0.605714 0.608571
0.606429 0.609286
0.607143 0.61
0.607857 0.610714
0.608571 0.611429
0.609286 0.612143
0.61 0.612857
0.610714 0.613571
0.611429 0.614286
0.612143 0.615
0.612857 0.615714
0.613571 0.616429
0.614286 0.617143
0.615 0.617857
0.615714 0.618571
0.616429 0.619286
0.617143 0.62
0.617857 0.620714
0.618571 0.62
0.619286 0.620714
0.62 0.621429
0.620714 0.622143
0.621429 0.622857
0.622143 0.623571
0.622857 0.624286
0.623571 0.625
0.624286 0.625714
0.625 0.626429
0.625714 0.627143
0.626429 0.627857
0.627143 0.628571
0.627857 0.629286
0.628571 0.63
0.629286 0.630714
0.63 0.631429
0.630714 0.632143
0.631429 0.632857
0.632143 0.633571
0.632857 0.634286
0.633571 0.635
0.634286 0.635714
0.635 0.636429
0.635714 0.637143
0.636429 0.637857
0.637143 0.638571
0.637857 0.639286
0.638571 0.64
0.639286 0.640714
0.64 0.641429
0.640714 0.642143
0.641429 0.642857
0.642143 0.643571
0.642857 0.644286
0.643571 0.645
0.644286 0.645714
0.645 0.646429
0.645714 0.647143
0.646429 0.647857
0.647143 0.648571
0.647857 0.649286
0.648571 0.65
0.649286 0.650714
0.65 0.651429
0.650714 0.652143
0.651429 0.652857
0.652143 0.653571
0.652857 0.654286
0.653571 0.655
0.654286 0.655714
0.655 0.656429
0.655714 0.657143
0.656429 0.657857
0.657143 0.658571
0.657857 0.659286
0.658571 0.66
0.659286 0.660714
0.66 0.661429
0.660714 0.662143
0.661429 0.662857
0.662143 0.663571
0.662857 0.664286
0.663571 0.665
0.664286 0.665714
0.665 0.666429
0.665714 0.667143
0.666429 0.667857
0.667143 0.668571
0.667857 0.669286
0.668571 0.67
0.669286 0.670714
0.67 0.671429
0.670714 0.672143
0.671429 0.672857
0.672143 0.673571
0.672857 0.674286
0.673571 0.675
0.674286 0.675714
0.675 0.676429
0.675714 0.677143
0.676429 0.677857
0.677143 0.678571
0.677857 0.679286
0.678571 0.68
0.679286 0.680714
0.68 0.681429
0.680714 0.682143
0.681429 0.682857
0.682143 0.683571
0.682857 0.684286
0.683571 0.685
0.684286 0.685714
0.685 0.686429
0.685714 0.687143
0.686429 0.687857
0.687143 0.688571
0.687857 0.689286
0.688571 0.69
0.689286 0.690714
0.69 0.691429
0.690714 0.692143
0.691429 0.692857
0.692143 0.693571
0.692857 0.694286
0.693571 0.695
0.694286 0.695714
0.695 0.696429
0.695714 0.697143
0.696429 0.697857
0.697143 0.698571
0.697857 0.699286
0.698571 0.7
0.699286 0.700714
0.7 0.701429
0.700714 0.702143
0.701429 0.702857
0.702143 0.703571
0.702857 0.704286
0.703571 0.705
0.704286 0.705714
0.705 0.706429
0.705714 0.707143
0.706429 0.707857
0.707143 0.708571
0.707857 0.709286
0.708571 0.71
0.709286 0.710714
0.71 0.711429
0.710714 0.712143
0.711429 0.712857
0.712143 0.713571
0.712857 0.714286
0 0
