-0.526316 0.526316
-0.525789 0.526842
-0.525263 0.527368
-0.524737 0.527895
-0.524211 0.528421
-0.523684 0.528947
-0.523158 0.529474
-0.522632 0.53
-0.522105 0.530526
-0.521579 0.531053
-0.521053 0.531579
-0.520526 0.532105
-0.52 0.532632
-0.519474 0.533158
-0.518947 0.533684
-0.518421 0.533158
-0.517895 0.532632
-0.517368 0.532105
-0.516842 0.531579
-0.516316 0.531053
-0.515789 0.530526
-0.515263 0.53
-0.514737 0.529474
-0.514211 0.528947
-0.513684 0.529474
-0.513158 0.528947
-0.512632 0.528421
-0.512105 0.527895
-0.511579 0.527368
-0.511053 0.526842
-0.510526 0.527368
-0.51 0.526842
-0.509474 0.526316
-0.508947 0.525789
-0.508421 0.525263
-0.507895 0.524737
-0.507368 0.524211
-0.506842 0.523684
-0.506316 0.523158
-0.505789 0.522632
-0.505263 0.522105
-0.504737 0.521579
-0.504211 0.521053
-0.503684 0.520526
-0.503158 0.52
-0.502632 0.519474
-0.502105 0.518947
-0.501579 0.518421
-0.501053 0.517895
-0.500526 0.517368
-0.5 0.516842
-0.499474 0.516316
-0.498947 0.516842
-0.498421 0.516316
-0.497895 0.515789
-0.497368 0.515263
-0.496842 0.514737
-0.496316 0.514211
-0.495789 0.513684
-0.495263 0.513158
-0.494737 0.513684
-0.494211 0.513158
-0.493684 0.512632
-0.493158 0.512105
-0.492632 0.511579
-0.492105 0.511053
-0.491579 0.510526
-0.491053 0.51
-0.490526 0.509474
-0.49 0.508947
-0.489474 0.508421
-0.488947 0.507895
-0.488421 0.507368
-0.487895 0.506842
-0.487368 0.506316
-0.486842 0.505789
-0.486316 0.505263
-0.485789 0.504737
-0.485263 0.504211
-0.484737 0.503684
-0.484211 0.503158
-0.483684 0.502632
-0.483158 0.502105
-0.482632 0.501579
-0.482105 0.501053
-0.481579 0.500526
-0.481053 0.5
-0.480526 0.499474
-0.48 0.498947
-0.479474 0.498421
-0.478947 0.497895
-0.478421 0.497368
-0.477895 0.497895
-0.477368 0.498421
-0.476842 0.497895
-0.476316 0.497368
-0.475789 0.496842
-0.475263 0.496316
-0.474737 0.495789
-0.474211 0.495263
-0.473684 0.494737
-0.473158 0.494211
-0.472632 0.494737
-0.472105 0.494211
-0.471579 0.494737
-0.471053 0.494211
-0.470526 0.494737
-0.47 0.494211
-0.469474 0.494737
-0.468947 0.494211
-0.468421 0.493684
-0.467895 0.493158
-0.467368 0.492632
-0.466842 0.492105
-0.466316 0.491579
-0.465789 0.491053
-0.465263 0.490526
-0.464737 0.49
-0.464211 0.489474
-0.463684 0.488947
-0.463158 0.488421
-0.462632 0.487895
-0.462105 0.487368
-0.461579 0.486842
-0.461053 0.486316
-0.460526 0.485789
-0.46 0.485263
-0.459474 0.484737
-0.458947 0.484211
-0.458421 0.483684
-0.457895 0.483158
-0.457368 0.482632
-0.456842 0.482105
-0.456316 0.481579
-0.455789 0.481053
-0.455263 0.480526
-0.454737 0.481053
-0.454211 0.480526
-0.453684 0.481053
-0.453158 0.480526
-0.452632 0.48
-0.452105 0.479474
-0.451579 0.478947
-0.451053 0.478421
-0.450526 0.477895
-0.45 0.477368
-0.449474 0.476842
-0.448947 0.476316
-0.448421 0.475789
-0.447895 0.475263
-0.447368 0.474737
-0.446842 0.474211
-0.446316 0.473684
-0.445789 0.473158
-0.445263 0.472632
-0.444737 0.472105
-0.444211 0.471579
-0.443684 0.471053
-0.443158 0.470526
-0.442632 0.471053
-0.442105 0.470526
-0.441579 0.47
-0.441053 0.469474
-0.440526 0.468947
-0.44 0.468421
-0.439474 0.467895
-0.438947 0.468421
-0.438421 0.467895
-0.437895 0.467368
-0.437368 0.466842
-0.436842 0.466316
-0.436316 0.465789
-0.435789 0.466316
-0.435263 0.465789
-0.434737 0.466316
-0.434211 0.465789
-0.433684 0.465263
-0.433158 0.464737
-0.432632 0.464211
-0.432105 0.463684
-0.431579 0.463158
-0.431053 0.462632
-0.430526 0.462105
-0.43 0.462632
-0.429474 0.462105
-0.428947 0.461579
-0.428421 0.461053
-0.427895 0.461579
-0.427368 0.461053
-0.426842 0.460526
-0.426316 0.46
-0.425789 0.459474
-0.425263 0.46
-0.424737 0.459474
-0.424211 0.458947
-0.423684 0.458421
-0.423158 0.457895
-0.422632 0.457368
-0.422105 0.456842
-0.421579 0.456316
-0.421053 0.455789
-0.420526 0.456316
-0.42 0.455789
-0.419474 0.455263
-0.418947 0.454737
-0.418421 0.454211
-0.417895 0.453684
-0.417368 0.453158
-0.416842 0.452632
-0.416316 0.452105
-0.415789 0.452632
-0.415263 0.453158
-0.414737 0.452632
-0.414211 0.452105
-0.413684 0.451579
-0.413158 0.451053
-0.412632 0.450526
-0.412105 0.45
-0.411579 0.449474
-0.411053 0.448947
-0.410526 0.449474
-0.41 0.448947
-0.409474 0.448421
-0.408947 0.448947
-0.408421 0.448421
-0.407895 0.447895
-0.407368 0.447368
-0.406842 0.446842
-0.406316 0.446316
-0.405789 0.445789
-0.405263 0.445263
-0.404737 0.444737
-0.404211 0.444211
-0.403684 0.443684
-0.403158 0.444211
-0.402632 0.443684
-0.402105 0.443158
-0.401579 0.443684
-0.401053 0.444211
-0.400526 0.444737
-0.4 0.445263
-0.399474 0.445789
-0.398947 0.446316
-0.398421 0.445789
-0.397895 0.446316
-0.397368 0.446842
-0.396842 0.446316
-0.396316 0.445789
-0.395789 0.445263
-0.395263 0.444737
-0.394737 0.444211
-0.394211 0.444737
-0.393684 0.444211
-0.393158 0.443684
-0.392632 0.443158
-0.392105 0.442632
-0.391579 0.442105
-0.391053 0.442632
-0.390526 0.442105
-0.39 0.441579
-0.389474 0.441053
-0.388947 0.440526
-0.388421 0.44
-0.387895 0.439474
-0.387368 0.44
-0.386842 0.439474
-0.386316 0.438947
-0.385789 0.439474
-0.385263 0.438947
-0.384737 0.438421
-0.384211 0.437895
-0.383684 0.437368
-0.383158 0.436842
-0.382632 0.436316
-0.382105 0.435789
-0.381579 0.435263
-0.381053 0.435789
-0.380526 0.435263
-0.38 0.434737
-0.379474 0.434211
-0.378947 0.433684
-0.378421 0.433158
-0.377895 0.432632
-0.377368 0.432105
-0.376842 0.431579
-0.376316 0.431053
-0.375789 0.430526
-0.375263 0.43
-0.374737 0.429474
-0.374211 0.428947
-0.373684 0.428421
-0.373158 0.427895
-0.372632 0.427368
-0.372105 0.427895
-0.371579 0.427368
-0.371053 0.426842
-0.370526 0.426316
-0.37 0.425789
-0.369474 0.425263
-0.368947 0.424737
-0.368421 0.424211
-0.367895 0.423684
-0.367368 0.423158
-0.366842 0.422632
-0.366316 0.423158
-0.365789 0.422632
-0.365263 0.422105
-0.364737 0.421579
-0.364211 0.421053
-0.363684 0.420526
-0.363158 0.42
-0.362632 0.420526
-0.362105 0.42
-0.361579 0.420526
-0.361053 0.42
-0.360526 0.419474
-0.36 0.418947
-0.359474 0.418421
-0.358947 0.417895
-0.358421 0.417368
-0.357895 0.416842
-0.357368 0.416316
-0.356842 0.415789
-0.356316 0.415263
-0.355789 0.414737
-0.355263 0.415263
-0.354737 0.414737
-0.354211 0.414211
-0.353684 0.413684
-0.353158 0.413158
-0.352632 0.412632
-0.352105 0.412105
-0.351579 0.411579
-0.351053 0.411053
-0.350526 0.410526
-0.35 0.41
-0.349474 0.409474
-0.348947 0.41
-0.348421 0.410526
-0.347895 0.41
-0.347368 0.410526
-0.346842 0.41
-0.346316 0.409474
-0.345789 0.408947
-0.345263 0.408421
-0.344737 0.407895
-0.344211 0.407368
-0.343684 0.407895
-0.343158 0.407368
-0.342632 0.406842
-0.342105 0.406316
-0.341579 0.405789
-0.341053 0.405263
-0.340526 0.404737
-0.34 0.405263
-0.339474 0.404737
-0.338947 0.404211
-0.338421 0.403684
-0.337895 0.404211
-0.337368 0.403684
-0.336842 0.404211
-0.336316 0.404737
-0.335789 0.405263
-0.335263 0.404737
-0.334737 0.404211
-0.334211 0.403684
-0.333684 0.403158
-0.333158 0.402632
-0.332632 0.402105
-0.332105 0.401579
-0.331579 0.402105
-0.331053 0.402632
-0.330526 0.402105
-0.33 0.401579
-0.329474 0.402105
-0.328947 0.401579
-0.328421 0.401053
-0.327895 0.401579
-0.327368 0.402105
-0.326842 0.401579
-0.326316 0.401053
-0.325789 0.400526
-0.325263 0.4
-0.324737 0.399474
-0.324211 0.398947
-0.323684 0.398421
-0.323158 0.397895
-0.322632 0.398421
-0.322105 0.397895
-0.321579 0.397368
-0.321053 0.397895
-0.320526 0.397368
-0.32 0.396842
-0.319474 0.396316
-0.318947 0.395789
-0.318421 0.395263
-0.317895 0.394737
-0.317368 0.394211
-0.316842 0.394737
-0.316316 0.394211
-0.315789 0.393684
-0.315263 0.393158
-0.314737 0.392632
-0.314211 0.393158
-0.313684 0.392632
-0.313158 0.392105
-0.312632 0.391579
-0.312105 0.391053
-0.311579 0.390526
-0.311053 0.39
-0.310526 0.389474
-0.31 0.388947
-0.309474 0.388421
-0.308947 0.387895
-0.308421 0.387368
-0.307895 0.386842
-0.307368 0.387368
-0.306842 0.386842
-0.306316 0.387368
-0.305789 0.387895
-0.305263 0.388421
-0.304737 0.387895
-0.304211 0.387368
-0.303684 0.387895
-0.303158 0.387368
-0.302632 0.387895
-0.302105 0.387368
-0.301579 0.386842
-0.301053 0.386316
-0.300526 0.385789
-0.3 0.386316
-0.299474 0.386842
-0.298947 0.387368
-0.298421 0.386842
-0.297895 0.386316
-0.297368 0.386842
-0.296842 0.387368
-0.296316 0.387895
-0.295789 0.387368
-0.295263 0.386842
-0.294737 0.386316
-0.294211 0.386842
-0.293684 0.386316
-0.293158 0.385789
-0.292632 0.385263
-0.292105 0.384737
-0.291579 0.384211
-0.291053 0.383684
-0.290526 0.383158
-0.29 0.383684
-0.289474 0.383158
-0.288947 0.382632
-0.288421 0.383158
-0.287895 0.382632
-0.287368 0.382105
-0.286842 0.381579
-0.286316 0.381053
-0.285789 0.380526
-0.285263 0.381053
-0.284737 0.380526
-0.284211 0.38
-0.283684 0.379474
-0.283158 0.378947
-0.282632 0.379474
-0.282105 0.378947
-0.281579 0.378421
-0.281053 0.377895
-0.280526 0.377368
-0.28 0.377895
-0.279474 0.377368
-0.278947 0.376842
-0.278421 0.376316
-0.277895 0.375789
-0.277368 0.375263
-0.276842 0.375789
-0.276316 0.375263
-0.275789 0.374737
-0.275263 0.375263
-0.274737 0.374737
-0.274211 0.374211
-0.273684 0.373684
-0.273158 0.373158
-0.272632 0.373684
-0.272105 0.373158
-0.271579 0.373684
-0.271053 0.374211
-0.270526 0.373684
-0.27 0.373158
-0.269474 0.373684
-0.268947 0.373158
-0.268421 0.372632
-0.267895 0.372105
-0.267368 0.371579
-0.266842 0.371053
-0.266316 0.370526
-0.265789 0.371053
-0.265263 0.370526
-0.264737 0.37
-0.264211 0.369474
-0.263684 0.37
-0.263158 0.369474
-0.262632 0.368947
-0.262105 0.368421
-0.261579 0.367895
-0.261053 0.367368
-0.260526 0.366842
-0.26 0.366316
-0.259474 0.365789
-0.258947 0.365263
-0.258421 0.364737
-0.257895 0.364211
-0.257368 0.363684
-0.256842 0.363158
-0.256316 0.362632
-0.255789 0.362105
-0.255263 0.361579
-0.254737 0.361053
-0.254211 0.361579
-0.253684 0.362105
-0.253158 0.361579
-0.252632 0.362105
-0.252105 0.361579
-0.251579 0.362105
-0.251053 0.361579
-0.250526 0.361053
-0.25 0.360526
-0.249474 0.36
-0.248947 0.360526
-0.248421 0.36
-0.247895 0.359474
-0.247368 0.358947
-0.246842 0.358421
-0.246316 0.358947
-0.245789 0.359474
-0.245263 0.358947
-0.244737 0.358421
-0.244211 0.357895
-0.243684 0.357368
-0.243158 0.356842
-0.242632 0.356316
-0.242105 0.355789
-0.241579 0.355263
-0.241053 0.355789
-0.240526 0.355263
-0.24 0.354737
-0.239474 0.355263
-0.238947 0.355789
-0.238421 0.355263
-0.237895 0.354737
-0.237368 0.354211
-0.236842 0.354737
-0.236316 0.354211
-0.235789 0.353684
-0.235263 0.353158
-0.234737 0.352632
-0.234211 0.352105
-0.233684 0.351579
-0.233158 0.351053
-0.232632 0.351579
-0.232105 0.352105
-0.231579 0.352632
-0.231053 0.352105
-0.230526 0.351579
-0.23 0.351053
-0.229474 0.350526
-0.228947 0.35
-0.228421 0.349474
-0.227895 0.348947
-0.227368 0.349474
-0.226842 0.348947
-0.226316 0.349474
-0.225789 0.348947
-0.225263 0.348421
-0.224737 0.347895
-0.224211 0.347368
-0.223684 0.346842
-0.223158 0.347368
-0.222632 0.347895
-0.222105 0.348421
-0.221579 0.348947
-0.221053 0.348421
-0.220526 0.347895
-0.22 0.347368
-0.219474 0.346842
-0.218947 0.346316
-0.218421 0.345789
-0.217895 0.345263
-0.217368 0.345789
-0.216842 0.345263
-0.216316 0.344737
-0.215789 0.344211
-0.215263 0.343684
-0.214737 0.343158
-0.214211 0.342632
-0.213684 0.343158
-0.213158 0.343684
-0.212632 0.343158
-0.212105 0.343684
-0.211579 0.343158
-0.211053 0.343684
-0.210526 0.343158
-0.21 0.342632
-0.209474 0.342105
-0.208947 0.342632
-0.208421 0.343158
-0.207895 0.342632
-0.207368 0.343158
-0.206842 0.343684
-0.206316 0.343158
-0.205789 0.342632
-0.205263 0.343158
-0.204737 0.343684
-0.204211 0.343158
-0.203684 0.343684
-0.203158 0.343158
-0.202632 0.343684
-0.202105 0.344211
-0.201579 0.344737
-0.201053 0.344211
-0.200526 0.344737
-0.2 0.345263
-0.199474 0.344737
-0.198947 0.344211
-0.198421 0.343684
-0.197895 0.344211
-0.197368 0.343684
-0.196842 0.344211
-0.196316 0.343684
-0.195789 0.343158
-0.195263 0.342632
-0.194737 0.343158
-0.194211 0.342632
-0.193684 0.342105
-0.193158 0.341579
-0.192632 0.341053
-0.192105 0.340526
-0.191579 0.34
-0.191053 0.339474
-0.190526 0.338947
-0.19 0.338421
-0.189474 0.337895
-0.188947 0.337368
-0.188421 0.336842
-0.187895 0.336316
-0.187368 0.336842
-0.186842 0.337368
-0.186316 0.336842
-0.185789 0.336316
-0.185263 0.336842
-0.184737 0.336316
-0.184211 0.336842
-0.183684 0.336316
-0.183158 0.335789
-0.182632 0.335263
-0.182105 0.335789
-0.181579 0.336316
-0.181053 0.335789
-0.180526 0.335263
-0.18 0.335789
-0.179474 0.335263
-0.178947 0.334737
-0.178421 0.335263
-0.177895 0.335789
-0.177368 0.335263
-0.176842 0.334737
-0.176316 0.334211
-0.175789 0.333684
-0.175263 0.333158
-0.174737 0.333684
-0.174211 0.333158
-0.173684 0.332632
-0.173158 0.333158
-0.172632 0.332632
-0.172105 0.333158
-0.171579 0.332632
-0.171053 0.333158
-0.170526 0.332632
-0.17 0.332105
-0.169474 0.331579
-0.168947 0.331053
-0.168421 0.331579
-0.167895 0.332105
-0.167368 0.332632
-0.166842 0.333158
-0.166316 0.332632
-0.165789 0.333158
-0.165263 0.332632
-0.164737 0.333158
-0.164211 0.332632
-0.163684 0.332105
-0.163158 0.331579
-0.162632 0.332105
-0.162105 0.332632
-0.161579 0.332105
-0.161053 0.331579
-0.160526 0.331053
-0.16 0.330526
-0.159474 0.331053
-0.158947 0.330526
-0.158421 0.33
-0.157895 0.330526
-0.157368 0.331053
-0.156842 0.330526
-0.156316 0.331053
-0.155789 0.330526
-0.155263 0.331053
-0.154737 0.330526
-0.154211 0.33
-0.153684 0.329474
-0.153158 0.33
-0.152632 0.329474
-0.152105 0.328947
-0.151579 0.328421
-0.151053 0.328947
-0.150526 0.328421
-0.15 0.328947
-0.149474 0.328421
-0.148947 0.328947
-0.148421 0.328421
-0.147895 0.327895
-0.147368 0.327368
-0.146842 0.326842
-0.146316 0.327368
-0.145789 0.326842
-0.145263 0.327368
-0.144737 0.327895
-0.144211 0.328421
-0.143684 0.327895
-0.143158 0.327368
-0.142632 0.326842
-0.142105 0.326316
-0.141579 0.326842
-0.141053 0.327368
-0.140526 0.326842
-0.14 0.327368
-0.139474 0.326842
-0.138947 0.326316
-0.138421 0.325789
-0.137895 0.326316
-0.137368 0.326842
-0.136842 0.327368
-0.136316 0.327895
-0.135789 0.328421
-0.135263 0.327895
-0.134737 0.327368
-0.134211 0.326842
-0.133684 0.327368
-0.133158 0.326842
-0.132632 0.327368
-0.132105 0.327895
-0.131579 0.328421
-0.131053 0.327895
-0.130526 0.328421
-0.13 0.327895
-0.129474 0.328421
-0.128947 0.327895
-0.128421 0.327368
-0.127895 0.326842
-0.127368 0.326316
-0.126842 0.326842
-0.126316 0.326316
-0.125789 0.325789
-0.125263 0.325263
-0.124737 0.324737
-0.124211 0.324211
-0.123684 0.324737
-0.123158 0.324211
-0.122632 0.323684
-0.122105 0.324211
-0.121579 0.324737
-0.121053 0.325263
-0.120526 0.325789
-0.12 0.325263
-0.119474 0.324737
-0.118947 0.324211
-0.118421 0.324737
-0.117895 0.324211
-0.117368 0.323684
-0.116842 0.323158
-0.116316 0.322632
-0.115789 0.322105
-0.115263 0.322632
-0.114737 0.322105
-0.114211 0.321579
-0.113684 0.322105
-0.113158 0.321579
-0.112632 0.321053
-0.112105 0.321579
-0.111579 0.322105
-0.111053 0.322632
-0.110526 0.322105
-0.11 0.322632
-0.109474 0.323158
-0.108947 0.322632
-0.108421 0.322105
-0.107895 0.322632
-0.107368 0.323158
-0.106842 0.322632
-0.106316 0.322105
-0.105789 0.321579
-0.105263 0.322105
-0.104737 0.321579
-0.104211 0.321053
-0.103684 0.321579
-0.103158 0.321053
-0.102632 0.320526
-0.102105 0.32
-0.101579 0.320526
-0.101053 0.32
-0.100526 0.319474
-0.1 0.318947
-0.0994737 0.318421
-0.0989474 0.318947
-0.0984211 0.318421
-0.0978947 0.318947
-0.0973684 0.318421
-0.0968421 0.317895
-0.0963158 0.317368
-0.0957895 0.317895
-0.0952632 0.318421
-0.0947368 0.318947
-0.0942105 0.319474
-0.0936842 0.318947
-0.0931579 0.318421
-0.0926316 0.317895
-0.0921053 0.317368
-0.0915789 0.317895
-0.0910526 0.317368
-0.0905263 0.317895
-0.09 0.318421
-0.0894737 0.317895
-0.0889474 0.317368
-0.0884211 0.316842
-0.0878947 0.316316
-0.0873684 0.315789
-0.0868421 0.315263
-0.0863158 0.314737
-0.0857895 0.315263
-0.0852632 0.315789
-0.0847368 0.315263
-0.0842105 0.314737
-0.0836842 0.315263
-0.0831579 0.314737
-0.0826316 0.315263
-0.0821053 0.314737
-0.0815789 0.314211
-0.0810526 0.313684
-0.0805263 0.313158
-0.08 0.312632
-0.0794737 0.312105
-0.0789474 0.312632
-0.0784211 0.312105
-0.0778947 0.312632
-0.0773684 0.313158
-0.0768421 0.312632
-0.0763158 0.312105
-0.0757895 0.312632
-0.0752632 0.313158
-0.0747368 0.312632
-0.0742105 0.313158
-0.0736842 0.312632
-0.0731579 0.312105
-0.0726316 0.311579
-0.0721053 0.311053
-0.0715789 0.310526
-0.0710526 0.311053
-0.0705263 0.310526
-0.07 0.31
-0.0694737 0.309474
-0.0689474 0.308947
-0.0684211 0.308421
-0.0678947 0.307895
-0.0673684 0.308421
-0.0668421 0.307895
-0.0663158 0.307368
-0.0657895 0.306842
-0.0652632 0.306316
-0.0647368 0.305789
-0.0642105 0.306316
-0.0636842 0.306842
-0.0631579 0.307368
-0.0626316 0.307895
-0.0621053 0.308421
-0.0615789 0.308947
-0.0610526 0.308421
-0.0605263 0.307895
-0.06 0.307368
-0.0594737 0.306842
-0.0589474 0.307368
-0.0584211 0.307895
-0.0578947 0.307368
-0.0573684 0.306842
-0.0568421 0.306316
-0.0563158 0.306842
-0.0557895 0.307368
-0.0552632 0.307895
-0.0547368 0.307368
-0.0542105 0.307895
-0.0536842 0.308421
-0.0531579 0.307895
-0.0526316 0.308421
-0.0521053 0.308947
-0.0515789 0.309474
-0.0510526 0.31
-0.0505263 0.310526
-0.05 0.311053
-0.0494737 0.311579
-0.0489474 0.312105
-0.0484211 0.311579
-0.0478947 0.312105
-0.0473684 0.311579
-0.0468421 0.311053
-0.0463158 0.311579
-0.0457895 0.311053
-0.0452632 0.311579
-0.0447368 0.311053
-0.0442105 0.310526
-0.0436842 0.31
-0.0431579 0.310526
-0.0426316 0.311053
-0.0421053 0.310526
-0.0415789 0.311053
-0.0410526 0.311579
-0.0405263 0.311053
-0.04 0.311579
-0.0394737 0.312105
-0.0389474 0.312632
-0.0384211 0.313158
-0.0378947 0.313684
-0.0373684 0.313158
-0.0368421 0.313684
-0.0363158 0.314211
-0.0357895 0.314737
-0.0352632 0.314211
-0.0347368 0.314737
-0.0342105 0.314211
-0.0336842 0.314737
-0.0331579 0.314211
-0.0326316 0.314737
-0.0321053 0.315263
-0.0315789 0.314737
-0.0310526 0.314211
-0.0305263 0.314737
-0.03 0.314211
-0.0294737 0.313684
-0.0289474 0.313158
-0.0284211 0.312632
-0.0278947 0.312105
-0.0273684 0.311579
-0.0268421 0.311053
-0.0263158 0.310526
-0.0257895 0.311053
-0.0252632 0.310526
-0.0247368 0.31
-0.0242105 0.309474
-0.0236842 0.31
-0.0231579 0.309474
-0.0226316 0.308947
-0.0221053 0.308421
-0.0215789 0.307895
-0.0210526 0.307368
-0.0205263 0.306842
-0.02 0.307368
-0.0194737 0.307895
-0.0189474 0.308421
-0.0184211 0.307895
-0.0178947 0.307368
-0.0173684 0.307895
-0.0168421 0.307368
-0.0163158 0.306842
-0.0157895 0.306316
-0.0152632 0.305789
-0.0147368 0.305263
-0.0142105 0.304737
-0.0136842 0.304211
-0.0131579 0.303684
-0.0126316 0.304211
-0.0121053 0.304737
-0.0115789 0.305263
-0.0110526 0.305789
-0.0105263 0.305263
-0.01 0.305789
-0.00947368 0.306316
-0.00894737 0.306842
-0.00842105 0.307368
-0.00789474 0.307895
-0.00736842 0.308421
-0.00684211 0.308947
-0.00631579 0.308421
-0.00578947 0.307895
-0.00526316 0.308421
-0.00473684 0.308947
-0.00421053 0.309474
-0.00368421 0.31
-0.00315789 0.310526
-0.00263158 0.311053
-0.00210526 0.310526
-0.00157895 0.311053
-0.00105263 0.310526
-0.000526316 0.311053
0 0.311579
0.000526316 0.312105
0.00105263 0.311579
0.00157895 0.311053
0.00210526 0.310526
0.00263158 0.31
0.00315789 0.309474
0.00368421 0.308947
0.00421053 0.308421
0.00473684 0.307895
0.00526316 0.308421
0.00578947 0.308947
0.00631579 0.308421
0.00684211 0.307895
0.00736842 0.307368
0.00789474 0.306842
0.00842105 0.307368
0.00894737 0.306842
0.00947368 0.307368
0.01 0.307895
0.0105263 0.307368
0.0110526 0.306842
0.0115789 0.306316
0.0121053 0.305789
0.0126316 0.305263
0.0131579 0.304737
0.0136842 0.304211
0.0142105 0.304737
0.0147368 0.305263
0.0152632 0.305789
0.0157895 0.305263
0.0163158 0.304737
0.0168421 0.305263
0.0173684 0.305789
0.0178947 0.305263
0.0184211 0.305789
0.0189474 0.306316
0.0194737 0.306842
0.02 0.307368
0.0205263 0.306842
0.0210526 0.306316
0.0215789 0.305789
0.0221053 0.305263
0.0226316 0.304737
0.0231579 0.305263
0.0236842 0.305789
0.0242105 0.305263
0.0247368 0.304737
0.0252632 0.305263
0.0257895 0.304737
0.0263158 0.305263
0.0268421 0.304737
0.0273684 0.304211
0.0278947 0.303684
0.0284211 0.304211
0.0289474 0.303684
0.0294737 0.303158
0.03 0.302632
0.0305263 0.302105
0.0310526 0.302632
0.0315789 0.303158
0.0321053 0.303684
0.0326316 0.304211
0.0331579 0.303684
0.0336842 0.304211
0.0342105 0.304737
0.0347368 0.304211
0.0352632 0.304737
0.0357895 0.305263
0.0363158 0.305789
0.0368421 0.305263
0.0373684 0.305789
0.0378947 0.306316
0.0384211 0.305789
0.0389474 0.305263
0.0394737 0.305789
0.04 0.306316
0.0405263 0.306842
0.0410526 0.307368
0.0415789 0.307895
0.0421053 0.307368
0.0426316 0.307895
0.0431579 0.308421
0.0436842 0.308947
0.0442105 0.309474
0.0447368 0.31
0.0452632 0.309474
0.0457895 0.31
0.0463158 0.310526
0.0468421 0.311053
0.0473684 0.311579
0.0478947 0.312105
0.0484211 0.312632
0.0489474 0.313158
0.0494737 0.313684
0.05 0.313158
0.0505263 0.313684
0.0510526 0.314211
0.0515789 0.314737
0.0521053 0.314211
0.0526316 0.314737
0.0531579 0.315263
0.0536842 0.315789
0.0542105 0.315263
0.0547368 0.315789
0.0552632 0.316316
0.0557895 0.315789
0.0563158 0.315263
0.0568421 0.314737
0.0573684 0.314211
0.0578947 0.313684
0.0584211 0.314211
0.0589474 0.313684
0.0594737 0.313158
0.06 0.312632
0.0605263 0.312105
0.0610526 0.312632
0.0615789 0.313158
0.0621053 0.313684
0.0626316 0.314211
0.0631579 0.314737
0.0636842 0.315263
0.0642105 0.314737
0.0647368 0.315263
0.0652632 0.315789
0.0657895 0.315263
0.0663158 0.315789
0.0668421 0.316316
0.0673684 0.315789
0.0678947 0.315263
0.0684211 0.314737
0.0689474 0.314211
0.0694737 0.313684
0.07 0.314211
0.0705263 0.313684
0.0710526 0.314211
0.0715789 0.314737
0.0721053 0.315263
0.0726316 0.314737
0.0731579 0.315263
0.0736842 0.315789
0.0742105 0.316316
0.0747368 0.315789
0.0752632 0.316316
0.0757895 0.316842
0.0763158 0.316316
0.0768421 0.316842
0.0773684 0.316316
0.0778947 0.315789
0.0784211 0.315263
0.0789474 0.314737
0.0794737 0.314211
0.08 0.314737
0.0805263 0.315263
0.0810526 0.315789
0.0815789 0.316316
0.0821053 0.316842
0.0826316 0.316316
0.0831579 0.315789
0.0836842 0.316316
0.0842105 0.316842
0.0847368 0.316316
0.0852632 0.315789
0.0857895 0.315263
0.0863158 0.314737
0.0868421 0.314211
0.0873684 0.313684
0.0878947 0.313158
0.0884211 0.313684
0.0889474 0.314211
0.0894737 0.313684
0.09 0.314211
0.0905263 0.314737
0.0910526 0.314211
0.0915789 0.314737
0.0921053 0.314211
0.0926316 0.314737
0.0931579 0.315263
0.0936842 0.314737
0.0942105 0.314211
0.0947368 0.314737
0.0952632 0.315263
0.0957895 0.314737
0.0963158 0.315263
0.0968421 0.315789
0.0973684 0.315263
0.0978947 0.314737
0.0984211 0.314211
0.0989474 0.313684
0.0994737 0.313158
0.1 0.312632
0.100526 0.312105
0.101053 0.311579
0.101579 0.311053
0.102105 0.311579
0.102632 0.311053
0.103158 0.310526
0.103684 0.311053
0.104211 0.311579
0.104737 0.311053
0.105263 0.311579
0.105789 0.311053
0.106316 0.310526
0.106842 0.311053
0.107368 0.310526
0.107895 0.31
0.108421 0.309474
0.108947 0.308947
0.109474 0.309474
0.11 0.308947
0.110526 0.309474
0.111053 0.308947
0.111579 0.309474
0.112105 0.308947
0.112632 0.308421
0.113158 0.308947
0.113684 0.309474
0.114211 0.31
0.114737 0.309474
0.115263 0.308947
0.115789 0.308421
0.116316 0.308947
0.116842 0.308421
0.117368 0.307895
0.117895 0.308421
0.118421 0.308947
0.118947 0.309474
0.119474 0.31
0.12 0.309474
0.120526 0.308947
0.121053 0.309474
0.121579 0.308947
0.122105 0.309474
0.122632 0.308947
0.123158 0.309474
0.123684 0.31
0.124211 0.310526
0.124737 0.311053
0.125263 0.310526
0.125789 0.31
0.126316 0.310526
0.126842 0.311053
0.127368 0.310526
0.127895 0.31
0.128421 0.310526
0.128947 0.311053
0.129474 0.310526
0.13 0.31
0.130526 0.309474
0.131053 0.31
0.131579 0.310526
0.132105 0.311053
0.132632 0.311579
0.133158 0.312105
0.133684 0.312632
0.134211 0.313158
0.134737 0.313684
0.135263 0.313158
0.135789 0.312632
0.136316 0.313158
0.136842 0.313684
0.137368 0.314211
0.137895 0.314737
0.138421 0.315263
0.138947 0.315789
0.139474 0.316316
0.14 0.316842
0.140526 0.317368
0.141053 0.317895
0.141579 0.317368
0.142105 0.317895
0.142632 0.318421
0.143158 0.318947
0.143684 0.318421
0.144211 0.317895
0.144737 0.317368
0.145263 0.317895
0.145789 0.318421
0.146316 0.318947
0.146842 0.319474
0.147368 0.32
0.147895 0.320526
0.148421 0.321053
0.148947 0.321579
0.149474 0.322105
0.15 0.322632
0.150526 0.323158
0.151053 0.323684
0.151579 0.324211
0.152105 0.324737
0.152632 0.325263
0.153158 0.325789
0.153684 0.326316
0.154211 0.326842
0.154737 0.326316
0.155263 0.325789
0.155789 0.326316
0.156316 0.326842
0.156842 0.326316
0.157368 0.326842
0.157895 0.327368
0.158421 0.326842
0.158947 0.327368
0.159474 0.327895
0.16 0.327368
0.160526 0.327895
0.161053 0.328421
0.161579 0.328947
0.162105 0.329474
0.162632 0.33
0.163158 0.330526
0.163684 0.331053
0.164211 0.331579
0.164737 0.332105
0.165263 0.332632
0.165789 0.333158
0.166316 0.332632
0.166842 0.332105
0.167368 0.332632
0.167895 0.332105
0.168421 0.331579
0.168947 0.332105
0.169474 0.331579
0.17 0.331053
0.170526 0.331579
0.171053 0.332105
0.171579 0.331579
0.172105 0.331053
0.172632 0.330526
0.173158 0.33
0.173684 0.330526
0.174211 0.33
0.174737 0.330526
0.175263 0.331053
0.175789 0.331579
0.176316 0.332105
0.176842 0.332632
0.177368 0.333158
0.177895 0.333684
0.178421 0.334211
0.178947 0.334737
0.179474 0.335263
0.18 0.335789
0.180526 0.336316
0.181053 0.335789
0.181579 0.336316
0.182105 0.335789
0.182632 0.336316
0.183158 0.336842
0.183684 0.337368
0.184211 0.337895
0.184737 0.338421
0.185263 0.337895
0.185789 0.337368
0.186316 0.336842
0.186842 0.336316
0.187368 0.335789
0.187895 0.336316
0.188421 0.336842
0.188947 0.337368
0.189474 0.336842
0.19 0.337368
0.190526 0.337895
0.191053 0.338421
0.191579 0.338947
0.192105 0.339474
0.192632 0.34
0.193158 0.340526
0.193684 0.34
0.194211 0.340526
0.194737 0.34
0.195263 0.340526
0.195789 0.34
0.196316 0.339474
0.196842 0.338947
0.197368 0.339474
0.197895 0.338947
0.198421 0.339474
0.198947 0.338947
0.199474 0.339474
0.2 0.34
0.200526 0.340526
0.201053 0.341053
0.201579 0.340526
0.202105 0.34
0.202632 0.340526
0.203158 0.341053
0.203684 0.341579
0.204211 0.341053
0.204737 0.340526
0.205263 0.341053
0.205789 0.340526
0.206316 0.341053
0.206842 0.341579
0.207368 0.341053
0.207895 0.341579
0.208421 0.342105
0.208947 0.342632
0.209474 0.343158
0.21 0.343684
0.210526 0.344211
0.211053 0.343684
0.211579 0.343158
0.212105 0.343684
0.212632 0.344211
0.213158 0.344737
0.213684 0.345263
0.214211 0.345789
0.214737 0.346316
0.215263 0.345789
0.215789 0.346316
0.216316 0.346842
0.216842 0.346316
0.217368 0.346842
0.217895 0.346316
0.218421 0.345789
0.218947 0.345263
0.219474 0.344737
0.22 0.345263
0.220526 0.344737
0.221053 0.345263
0.221579 0.344737
0.222105 0.345263
0.222632 0.345789
0.223158 0.346316
0.223684 0.346842
0.224211 0.347368
0.224737 0.347895
0.225263 0.348421
0.225789 0.348947
0.226316 0.349474
0.226842 0.35
0.227368 0.350526
0.227895 0.351053
0.228421 0.351579
0.228947 0.352105
0.229474 0.352632
0.23 0.352105
0.230526 0.352632
0.231053 0.352105
0.231579 0.352632
0.232105 0.353158
0.232632 0.353684
0.233158 0.354211
0.233684 0.353684
0.234211 0.353158
0.234737 0.352632
0.235263 0.353158
0.235789 0.352632
0.236316 0.352105
0.236842 0.351579
0.237368 0.352105
0.237895 0.352632
0.238421 0.352105
0.238947 0.352632
0.239474 0.353158
0.24 0.352632
0.240526 0.352105
0.241053 0.351579
0.241579 0.352105
0.242105 0.352632
0.242632 0.353158
0.243158 0.353684
0.243684 0.353158
0.244211 0.353684
0.244737 0.354211
0.245263 0.354737
0.245789 0.355263
0.246316 0.355789
0.246842 0.356316
0.247368 0.356842
0.247895 0.357368
0.248421 0.356842
0.248947 0.357368
0.249474 0.357895
0.25 0.357368
0.250526 0.357895
0.251053 0.358421
0.251579 0.358947
0.252105 0.359474
0.252632 0.358947
0.253158 0.359474
0.253684 0.358947
0.254211 0.359474
0.254737 0.36
0.255263 0.360526
0.255789 0.361053
0.256316 0.361579
0.256842 0.362105
0.257368 0.362632
0.257895 0.363158
0.258421 0.363684
0.258947 0.363158
0.259474 0.363684
0.26 0.364211
0.260526 0.364737
0.261053 0.364211
0.261579 0.364737
0.262105 0.364211
0.262632 0.364737
0.263158 0.365263
0.263684 0.364737
0.264211 0.365263
0.264737 0.365789
0.265263 0.365263
0.265789 0.364737
0.266316 0.365263
0.266842 0.364737
0.267368 0.364211
0.267895 0.364737
0.268421 0.365263
0.268947 0.364737
0.269474 0.364211
0.27 0.363684
0.270526 0.364211
0.271053 0.363684
0.271579 0.363158
0.272105 0.362632
0.272632 0.362105
0.273158 0.361579
0.273684 0.362105
0.274211 0.362632
0.274737 0.363158
0.275263 0.363684
0.275789 0.363158
0.276316 0.362632
0.276842 0.363158
0.277368 0.362632
0.277895 0.363158
0.278421 0.363684
0.278947 0.364211
0.279474 0.363684
0.28 0.364211
0.280526 0.364737
0.281053 0.365263
0.281579 0.365789
0.282105 0.366316
0.282632 0.366842
0.283158 0.367368
0.283684 0.367895
0.284211 0.368421
0.284737 0.368947
0.285263 0.369474
0.285789 0.368947
0.286316 0.368421
0.286842 0.368947
0.287368 0.368421
0.287895 0.368947
0.288421 0.369474
0.288947 0.368947
0.289474 0.368421
0.29 0.368947
0.290526 0.369474
0.291053 0.37
0.291579 0.370526
0.292105 0.371053
0.292632 0.371579
0.293158 0.372105
0.293684 0.371579
0.294211 0.372105
0.294737 0.372632
0.295263 0.373158
0.295789 0.372632
0.296316 0.373158
0.296842 0.373684
0.297368 0.374211
0.297895 0.374737
0.298421 0.375263
0.298947 0.375789
0.299474 0.376316
0.3 0.376842
0.300526 0.377368
0.301053 0.377895
0.301579 0.378421
0.302105 0.378947
0.302632 0.378421
0.303158 0.378947
0.303684 0.379474
0.304211 0.38
0.304737 0.380526
0.305263 0.38
0.305789 0.379474
0.306316 0.38
0.306842 0.379474
0.307368 0.38
0.307895 0.380526
0.308421 0.381053
0.308947 0.381579
0.309474 0.382105
0.31 0.382632
0.310526 0.382105
0.311053 0.382632
0.311579 0.383158
0.312105 0.383684
0.312632 0.384211
0.313158 0.384737
0.313684 0.384211
0.314211 0.384737
0.314737 0.385263
0.315263 0.385789
0.315789 0.386316
0.316316 0.386842
0.316842 0.387368
0.317368 0.387895
0.317895 0.388421
0.318421 0.388947
0.318947 0.389474
0.319474 0.39
0.32 0.390526
0.320526 0.39
0.321053 0.390526
0.321579 0.391053
0.322105 0.391579
0.322632 0.392105
0.323158 0.392632
0.323684 0.393158
0.324211 0.393684
0.324737 0.394211
0.325263 0.394737
0.325789 0.395263
0.326316 0.395789
0.326842 0.396316
0.327368 0.395789
0.327895 0.396316
0.328421 0.395789
0.328947 0.396316
0.329474 0.396842
0.33 0.397368
0.330526 0.396842
0.331053 0.397368
0.331579 0.396842
0.332105 0.396316
0.332632 0.395789
0.333158 0.395263
0.333684 0.395789
0.334211 0.396316
0.334737 0.396842
0.335263 0.397368
0.335789 0.397895
0.336316 0.398421
0.336842 0.398947
0.337368 0.399474
0.337895 0.4
0.338421 0.400526
0.338947 0.401053
0.339474 0.401579
0.34 0.402105
0.340526 0.402632
0.341053 0.403158
0.341579 0.402632
0.342105 0.403158
0.342632 0.402632
0.343158 0.402105
0.343684 0.402632
0.344211 0.403158
0.344737 0.403684
0.345263 0.404211
0.345789 0.404737
0.346316 0.405263
0.346842 0.405789
0.347368 0.405263
0.347895 0.405789
0.348421 0.406316
0.348947 0.406842
0.349474 0.406316
0.35 0.406842
0.350526 0.407368
0.351053 0.407895
0.351579 0.407368
0.352105 0.407895
0.352632 0.408421
0.353158 0.407895
0.353684 0.408421
0.354211 0.408947
0.354737 0.408421
0.355263 0.408947
0.355789 0.409474
0.356316 0.41
0.356842 0.410526
0.357368 0.411053
0.357895 0.411579
0.358421 0.412105
0.358947 0.411579
0.359474 0.412105
0.36 0.412632
0.360526 0.413158
0.361053 0.413684
0.361579 0.414211
0.362105 0.414737
0.362632 0.415263
0.363158 0.414737
0.363684 0.414211
0.364211 0.413684
0.364737 0.414211
0.365263 0.413684
0.365789 0.414211
0.366316 0.414737
0.366842 0.415263
0.367368 0.415789
0.367895 0.416316
0.368421 0.416842
0.368947 0.417368
0.369474 0.417895
0.37 0.417368
0.370526 0.417895
0.371053 0.418421
0.371579 0.417895
0.372105 0.417368
0.372632 0.416842
0.373158 0.417368
0.373684 0.417895
0.374211 0.418421
0.374737 0.418947
0.375263 0.419474
0.375789 0.418947
0.376316 0.419474
0.376842 0.42
0.377368 0.420526
0.377895 0.421053
0.378421 0.421579
0.378947 0.422105
0.379474 0.422632
0.38 0.423158
0.380526 0.423684
0.381053 0.424211
0.381579 0.424737
0.382105 0.425263
0.382632 0.425789
0.383158 0.426316
0.383684 0.426842
0.384211 0.426316
0.384737 0.426842
0.385263 0.427368
0.385789 0.426842
0.386316 0.427368
0.386842 0.427895
0.387368 0.428421
0.387895 0.428947
0.388421 0.429474
0.388947 0.43
0.389474 0.430526
0.39 0.43
0.390526 0.430526
0.391053 0.431053
0.391579 0.431579
0.392105 0.432105
0.392632 0.431579
0.393158 0.432105
0.393684 0.432632
0.394211 0.433158
0.394737 0.433684
0.395263 0.434211
0.395789 0.434737
0.396316 0.435263
0.396842 0.435789
0.397368 0.436316
0.397895 0.436842
0.398421 0.437368
0.398947 0.437895
0.399474 0.438421
0.4 0.438947
0.400526 0.439474
0.401053 0.44
0.401579 0.439474
0.402105 0.44
0.402632 0.440526
0.403158 0.441053
0.403684 0.441579
0.404211 0.442105
0.404737 0.442632
0.405263 0.443158
0.405789 0.443684
0.406316 0.443158
0.406842 0.443684
0.407368 0.444211
0.407895 0.443684
0.408421 0.444211
0.408947 0.443684
0.409474 0.444211
0.41 0.444737
0.410526 0.445263
0.411053 0.445789
0.411579 0.446316
0.412105 0.446842
0.412632 0.447368
0.413158 0.447895
0.413684 0.448421
0.414211 0.448947
0.414737 0.449474
0.415263 0.448947
0.415789 0.448421
0.416316 0.448947
0.416842 0.449474
0.417368 0.45
0.417895 0.449474
0.418421 0.45
0.418947 0.450526
0.419474 0.451053
0.42 0.451579
0.420526 0.452105
0.421053 0.452632
0.421579 0.453158
0.422105 0.453684
0.422632 0.454211
0.423158 0.454737
0.423684 0.455263
0.424211 0.455789
0.424737 0.456316
0.425263 0.456842
0.425789 0.457368
0.426316 0.457895
0.426842 0.458421
0.427368 0.458947
0.427895 0.459474
0.428421 0.46
0.428947 0.460526
0.429474 0.46
0.43 0.460526
0.430526 0.461053
0.431053 0.461579
0.431579 0.462105
0.432105 0.461579
0.432632 0.462105
0.433158 0.462632
0.433684 0.463158
0.434211 0.463684
0.434737 0.464211
0.435263 0.464737
0.435789 0.465263
0.436316 0.465789
0.436842 0.466316
0.437368 0.466842
0.437895 0.467368
0.438421 0.467895
0.438947 0.468421
0.439474 0.468947
0.44 0.469474
0.440526 0.47
0.441053 0.470526
0.441579 0.471053
0.442105 0.471579
0.442632 0.472105
0.443158 0.472632
0.443684 0.473158
0.444211 0.472632
0.444737 0.473158
0.445263 0.473684
0.445789 0.474211
0.446316 0.473684
0.446842 0.473158
0.447368 0.473684
0.447895 0.474211
0.448421 0.474737
0.448947 0.475263
0.449474 0.475789
0.45 0.475263
0.450526 0.475789
0.451053 0.476316
0.451579 0.476842
0.452105 0.477368
0.452632 0.477895
0.453158 0.478421
0.453684 0.478947
0.454211 0.479474
0.454737 0.48
0.455263 0.480526
0.455789 0.481053
0.456316 0.481579
0.456842 0.481053
0.457368 0.481579
0.457895 0.482105
0.458421 0.482632
0.458947 0.483158
0.459474 0.482632
0.46 0.482105
0.460526 0.482632
0.461053 0.483158
0.461579 0.483684
0.462105 0.484211
0.462632 0.484737
0.463158 0.485263
0.463684 0.485789
0.464211 0.486316
0.464737 0.486842
0.465263 0.487368
0.465789 0.487895
0.466316 0.488421
0.466842 0.488947
0.467368 0.488421
0.467895 0.488947
0.468421 0.489474
0.468947 0.49
0.469474 0.490526
0.47 0.491053
0.470526 0.491579
0.471053 0.492105
0.471579 0.492632
0.472105 0.493158
0.472632 0.493684
0.473158 0.494211
0.473684 0.494737
0.474211 0.495263
0.474737 0.495789
0.475263 0.496316
0.475789 0.496842
0.476316 0.497368
0.476842 0.497895
0.477368 0.497368
0.477895 0.497895
0.478421 0.498421
0.478947 0.498947
0.479474 0.499474
0.48 0.5
0.480526 0.500526
0.481053 0.501053
0.481579 0.501579
0.482105 0.502105
0.482632 0.502632
0.483158 0.503158
0.483684 0.503684
0.484211 0.504211
0.484737 0.504737
0.485263 0.505263
0.485789 0.505789
0.486316 0.506316
0.486842 0.506842
0.487368 0.507368
0.487895 0.507895
0.488421 0.508421
0.488947 0.508947
0.489474 0.509474
0.49 0.51
0.490526 0.509474
0.491053 0.51
0.491579 0.510526
0.492105 0.511053
0.492632 0.511579
0.493158 0.512105
0.493684 0.512632
0.494211 0.513158
0.494737 0.513684
0.495263 0.514211
0.495789 0.514737
0.496316 0.515263
0.496842 0.515789
0.497368 0.516316
0.497895 0.516842
0.498421 0.517368
0.498947 0.517895
0.499474 0.518421
0.5 0.518947
0.500526 0.519474
0.501053 0.52
0.501579 0.520526
0.502105 0.521053
0.502632 0.521579
0.503158 0.522105
0.503684 0.522632
0.504211 0.523158
0.504737 0.523684
0.505263 0.524211
0.505789 0.524737
0.506316 0.525263
0.506842 0.525789
0.507368 0.526316
0.507895 0.526842
0.508421 0.527368
0.508947 0.527895
0.509474 0.527368
0.51 0.527895
0.510526 0.528421
0.511053 0.528947
0.511579 0.529474
0.512105 0.53
0.512632 0.530526
0.513158 0.531053
0.513684 0.530526
0.514211 0.531053
0.514737 0.531579
0.515263 0.532105
0.515789 0.532632
0.516316 0.533158
0.516842 0.533684
0.517368 0.534211
0.517895 0.533684
0.518421 0.533158
0.518947 0.532632
0.519474 0.532105
0.52 0.531579
0.520526 0.531053
0.521053 0.530526
0.521579 0.53
0.522105 0.529474
0.522632 0.528947
0.523158 0.528421
0.523684 0.527895
0.524211 0.527368
0.524737 0.526842
0.525263 0.526316
0.525789 0.525789
