-3.33333 3.33333
-3.33 3.33
-3.32667 3.32667
-3.32333 3.32333
-3.32 3.32
-3.31667 3.31667
-3.31333 3.31333
-3.31 3.31
-3.30667 3.30667
-3.30333 3.30333
-3.3 3.3
-3.29667 3.29667
-3.29333 3.29333
-3.29 3.29
-3.28667 3.28667
-3.28333 3.28333
-3.28 3.28
-3.27667 3.27667
-3.27333 3.27333
-3.27 3.27
-3.26667 3.26667
-3.26333 3.26333
-3.26 3.26
-3.25667 3.25667
-3.25333 3.25333
-3.25 3.25
-3.24667 3.24667
-3.24333 3.24333
-3.24 3.24
-3.23667 3.23667
-3.23333 3.23333
-3.23 3.23
-3.22667 3.22667
-3.22333 3.22333
-3.22 3.22
-3.21667 3.21667
-3.21333 3.21333
-3.21 3.21
-3.20667 3.20667
-3.20333 3.20333
-3.2 3.2
-3.19667 3.19667
-3.19333 3.19333
-3.19 3.19
-3.18667 3.18667
-3.18333 3.18333
-3.18 3.18
-3.17667 3.17667
-3.17333 3.17333
-3.17 3.17
-3.16667 3.16667
-3.16333 3.16333
-3.16 3.16
-3.15667 3.15667
-3.15333 3.15333
-3.15 3.15
-3.14667 3.14667
-3.14333 3.14333
-3.14 3.14
-3.13667 3.13667
-3.13333 3.13333
-3.13 3.13
-3.12667 3.12667
-3.12333 3.12333
-3.12 3.12
-3.11667 3.11667
-3.11333 3.11333
-3.11 3.11
-3.10667 3.10667
-3.10333 3.10333
-3.1 3.1
-3.09667 3.09667
-3.09333 3.09333
-3.09 3.09
-3.08667 3.08667
-3.08333 3.08333
-3.08 3.08
-3.07667 3.07667
-3.07333 3.07333
-3.07 3.07
-3.06667 3.06667
-3.06333 3.06333
-3.06 3.06
-3.05667 3.05667
-3.05333 3.05333
-3.05 3.05
-3.04667 3.04667
-3.04333 3.04333
-3.04 3.04
-3.03667 3.03667
-3.03333 3.03333
-3.03 3.03
-3.02667 3.02667
-3.02333 3.02333
-3.02 3.02
-3.01667 3.01667
-3.01333 3.01333
-3.01 3.01
-3.00667 3.00667
-3.00333 3.00333
-3 3
-2.99667 2.99667
-2.99333 2.99333
-2.99 2.99
-2.98667 2.98667
-2.98333 2.98333
-2.98 2.98
-2.97667 2.97667
-2.97333 2.97333
-2.97 2.97
-2.96667 2.96667
-2.96333 2.96333
-2.96 2.96
-2.95667 2.95667
-2.95333 2.95333
-2.95 2.95
-2.94667 2.94667
-2.94333 2.94333
-2.94 2.94
-2.93667 2.93667
-2.93333 2.93333
-2.93 2.93
-2.92667 2.92667
-2.92333 2.92333
-2.92 2.92
-2.91667 2.91667
-2.91333 2.91333
-2.91 2.91
-2.90667 2.90667
-2.90333 2.90333
-2.9 2.9
-2.89667 2.89667
-2.89333 2.89333
-2.89 2.89
-2.88667 2.88667
-2.88333 2.88333
-2.88 2.88
-2.87667 2.87667
-2.87333 2.87333
-2.87 2.87
-2.86667 2.86667
-2.86333 2.86333
-2.86 2.86
-2.85667 2.85667
-2.85333 2.85333
-2.85 2.85
-2.84667 2.84667
-2.84333 2.84333
-2.84 2.84
-2.83667 2.83667
-2.83333 2.83333
-2.83 2.83
-2.82667 2.82667
-2.82333 2.82333
-2.82 2.82
-2.81667 2.81667
-2.81333 2.81333
-2.81 2.81
-2.80667 2.80667
-2.80333 2.80333
-2.8 2.8
-2.79667 2.79667
-2.79333 2.79333
-2.79 2.79
-2.78667 2.78667
-2.78333 2.78333
-2.78 2.78
-2.77667 2.77667
-2.77333 2.77333
-2.77 2.77
-2.76667 2.76667
-2.76333 2.76333
-2.76 2.76
-2.75667 2.75667
-2.75333 2.75333
-2.75 2.75
-2.74667 2.74667
-2.74333 2.74333
-2.74 2.74
-2.73667 2.73667
-2.73333 2.73333
-2.73 2.73
-2.72667 2.72667
-2.72333 2.72333
-2.72 2.72
-2.71667 2.71667
-2.71333 2.71333
-2.71 2.71
-2.70667 2.70667
-2.70333 2.70333
-2.7 2.7
-2.69667 2.69667
-2.69333 2.69333
-2.69 2.69
-2.68667 2.68667
-2.68333 2.68333
-2.68 2.68
-2.67667 2.67667
-2.67333 2.67333
-2.67 2.67
-2.66667 2.66667
-2.66333 2.66333
-2.66 2.66
-2.65667 2.65667
-2.65333 2.65333
-2.65 2.65
-2.64667 2.64667
-2.64333 2.64333
-2.64 2.64
-2.63667 2.63667
-2.63333 2.63333
-2.63 2.63
-2.62667 2.62667
-2.62333 2.62333
-2.62 2.62
-2.61667 2.61667
-2.61333 2.61333
-2.61 2.61
-2.60667 2.60667
-2.60333 2.60333
-2.6 2.6
-2.59667 2.59667
-2.59333 2.59333
-2.59 2.59
-2.58667 2.58667
-2.58333 2.58333
-2.58 2.58
-2.57667 2.57667
-2.57333 2.57333
-2.57 2.57
-2.56667 2.56667
-2.56333 2.56333
-2.56 2.56
-2.55667 2.55667
-2.55333 2.55333
-2.55 2.55
-2.54667 2.54667
-2.54333 2.54333
-2.54 2.54
-2.53667 2.53667
-2.53333 2.53333
-2.53 2.53
-2.52667 2.52667
-2.52333 2.52333
-2.52 2.52
-2.51667 2.51667
-2.51333 2.51333
-2.51 2.51
-2.50667 2.50667
-2.50333 2.50333
-2.5 2.5
-2.49667 2.49667
-2.49333 2.49333
-2.49 2.49
-2.48667 2.48667
-2.48333 2.48333
-2.48 2.48
-2.47667 2.47667
-2.47333 2.47333
-2.47 2.47
-2.46667 2.46667
-2.46333 2.46333
-2.46 2.46
-2.45667 2.45667
-2.45333 2.45333
-2.45 2.45
-2.44667 2.44667
-2.44333 2.44333
-2.44 2.44
-2.43667 2.43667
-2.43333 2.43333
-2.43 2.43
-2.42667 2.42667
-2.42333 2.42333
-2.42 2.42
-2.41667 2.41667
-2.41333 2.41333
-2.41 2.41
-2.40667 2.40667
-2.40333 2.40333
-2.4 2.4
-2.39667 2.39667
-2.39333 2.39333
-2.39 2.39
-2.38667 2.38667
-2.38333 2.38333
-2.38 2.38
-2.37667 2.37667
-2.37333 2.37333
-2.37 2.37
-2.36667 2.36667
-2.36333 2.36333
-2.36 2.36
-2.35667 2.35667
-2.35333 2.35333
-2.35 2.35
-2.34667 2.34667
-2.34333 2.34333
-2.34 2.34
-2.33667 2.33667
-2.33333 2.33333
-2.33 2.33
-2.32667 2.32667
-2.32333 2.32333
-2.32 2.32
-2.31667 2.31667
-2.31333 2.31333
-2.31 2.31
-2.30667 2.30667
-2.30333 2.30333
-2.3 2.3
-2.29667 2.29667
-2.29333 2.29333
-2.29 2.29
-2.28667 2.28667
-2.28333 2.28333
-2.28 2.28
-2.27667 2.27667
-2.27333 2.27333
-2.27 2.27
-2.26667 2.26667
-2.26333 2.26333
-2.26 2.26
-2.25667 2.25667
-2.25333 2.25333
-2.25 2.25
-2.24667 2.24667
-2.24333 2.24333
-2.24 2.24
-2.23667 2.23667
-2.23333 2.23333
-2.23 2.23
-2.22667 2.22667
-2.22333 2.22333
-2.22 2.22
-2.21667 2.21667
-2.21333 2.21333
-2.21 2.21
-2.20667 2.20667
-2.20333 2.20333
-2.2 2.2
-2.19667 2.19667
-2.19333 2.19333
-2.19 2.19
-2.18667 2.18667
-2.18333 2.18333
-2.18 2.18
-2.17667 2.17667
-2.17333 2.17333
-2.17 2.17
-2.16667 2.16667
-2.16333 2.16333
-2.16 2.16
-2.15667 2.15667
-2.15333 2.15333
-2.15 2.15
-2.14667 2.14667
-2.14333 2.14333
-2.14 2.14
-2.13667 2.13667
-2.13333 2.13333
-2.13 2.13
-2.12667 2.12667
-2.12333 2.12333
-2.12 2.12
-2.11667 2.11667
-2.11333 2.11333
-2.11 2.11
-2.10667 2.10667
-2.10333 2.10333
-2.1 2.1
-2.09667 2.09667
-2.09333 2.09333
-2.09 2.09
-2.08667 2.08667
-2.08333 2.08333
-2.08 2.08
-2.07667 2.07667
-2.07333 2.07333
-2.07 2.07
-2.06667 2.06667
-2.06333 2.06333
-2.06 2.06
-2.05667 2.05667
-2.05333 2.05333
-2.05 2.05
-2.04667 2.04667
-2.04333 2.04333
-2.04 2.04
-2.03667 2.03667
-2.03333 2.03333
-2.03 2.03
-2.02667 2.02667
-2.02333 2.02333
-2.02 2.02
-2.01667 2.01667
-2.01333 2.01333
-2.01 2.01
-2.00667 2.00667
-2.00333 2.00333
-2 2
-1.99667 1.99667
-1.99333 1.99333
-1.99 1.99
-1.98667 1.98667
-1.98333 1.98333
-1.98 1.98
-1.97667 1.97667
-1.97333 1.97333
-1.97 1.97
-1.96667 1.96667
-1.96333 1.96333
-1.96 1.96
-1.95667 1.95667
-1.95333 1.95333
-1.95 1.95
-1.94667 1.94667
-1.94333 1.94333
-1.94 1.94
-1.93667 1.93667
-1.93333 1.93333
-1.93 1.93
-1.92667 1.92667
-1.92333 1.92333
-1.92 1.92
-1.91667 1.91667
-1.91333 1.91333
-1.91 1.91
-1.90667 1.90667
-1.90333 1.90333
-1.9 1.9
-1.89667 1.89667
-1.89333 1.89333
-1.89 1.89
-1.88667 1.88667
-1.88333 1.88333
-1.88 1.88
-1.87667 1.87667
-1.87333 1.87333
-1.87 1.87
-1.86667 1.86667
-1.86333 1.86333
-1.86 1.86
-1.85667 1.85667
-1.85333 1.85333
-1.85 1.85
-1.84667 1.84667
-1.84333 1.84333
-1.84 1.84
-1.83667 1.83667
-1.83333 1.83333
-1.83 1.83
-1.82667 1.82667
-1.82333 1.82333
-1.82 1.82
-1.81667 1.81667
-1.81333 1.81333
-1.81 1.81
-1.80667 1.80667
-1.80333 1.80333
-1.8 1.8
-1.79667 1.79667
-1.79333 1.79333
-1.79 1.79
-1.78667 1.78667
-1.78333 1.78333
-1.78 1.78
-1.77667 1.77667
-1.77333 1.77333
-1.77 1.77
-1.76667 1.76667
-1.76333 1.76333
-1.76 1.76
-1.75667 1.75667
-1.75333 1.75333
-1.75 1.75
-1.74667 1.74667
-1.74333 1.74333
-1.74 1.74
-1.73667 1.73667
-1.73333 1.73333
-1.73 1.73
-1.72667 1.72667
-1.72333 1.72333
-1.72 1.72
-1.71667 1.71667
-1.71333 1.71333
-1.71 1.71
-1.70667 1.70667
-1.70333 1.70333
-1.7 1.7
-1.69667 1.69667
-1.69333 1.69333
-1.69 1.69
-1.68667 1.68667
-1.68333 1.68333
-1.68 1.68
-1.67667 1.67667
-1.67333 1.67333
-1.67 1.67
-1.66667 1.66667
-1.66333 1.66333
-1.66 1.66
-1.65667 1.65667
-1.65333 1.65333
-1.65 1.65
-1.64667 1.64667
-1.64333 1.64333
-1.64 1.64
-1.63667 1.63667
-1.63333 1.63333
-1.63 1.63
-1.62667 1.62667
-1.62333 1.62333
-1.62 1.62
-1.61667 1.61667
-1.61333 1.61333
-1.61 1.61
-1.60667 1.60667
-1.60333 1.60333
-1.6 1.6
-1.59667 1.59667
-1.59333 1.59333
-1.59 1.59
-1.58667 1.58667
-1.58333 1.58333
-1.58 1.58
-1.57667 1.57667
-1.57333 1.57333
-1.57 1.57
-1.56667 1.56667
-1.56333 1.56333
-1.56 1.56
-1.55667 1.55667
-1.55333 1.55333
-1.55 1.55
-1.54667 1.54667
-1.54333 1.54333
-1.54 1.54
-1.53667 1.53667
-1.53333 1.53333
-1.53 1.53
-1.52667 1.52667
-1.52333 1.52333
-1.52 1.52
-1.51667 1.51667
-1.51333 1.51333
-1.51 1.51
-1.50667 1.50667
-1.50333 1.50333
-1.5 1.5
-1.49667 1.49667
-1.49333 1.49333
-1.49 1.49
-1.48667 1.48667
-1.48333 1.48333
-1.48 1.48
-1.47667 1.47667
-1.47333 1.47333
-1.47 1.47
-1.46667 1.46667
-1.46333 1.46333
-1.46 1.46
-1.45667 1.45667
-1.45333 1.45333
-1.45 1.45
-1.44667 1.44667
-1.44333 1.44333
-1.44 1.44
-1.43667 1.43667
-1.43333 1.43333
-1.43 1.43
-1.42667 1.42667
-1.42333 1.42333
-1.42 1.42
-1.41667 1.41667
-1.41333 1.41333
-1.41 1.41
-1.40667 1.40667
-1.40333 1.40333
-1.4 1.4
-1.39667 1.39667
-1.39333 1.39333
-1.39 1.39
-1.38667 1.38667
-1.38333 1.38333
-1.38 1.38
-1.37667 1.37667
-1.37333 1.37333
-1.37 1.37
-1.36667 1.36667
-1.36333 1.36333
-1.36 1.36
-1.35667 1.35667
-1.35333 1.35333
-1.35 1.35
-1.34667 1.34667
-1.34333 1.34333
-1.34 1.34
-1.33667 1.33667
-1.33333 1.33333
-1.33 1.33
-1.32667 1.32667
-1.32333 1.32333
-1.32 1.32
-1.31667 1.31667
-1.31333 1.31333
-1.31 1.31
-1.30667 1.30667
-1.30333 1.30333
-1.3 1.3
-1.29667 1.29667
-1.29333 1.29333
-1.29 1.29
-1.28667 1.28667
-1.28333 1.28333
-1.28 1.28
-1.27667 1.27667
-1.27333 1.27333
-1.27 1.27
-1.26667 1.26667
-1.26333 1.26333
-1.26 1.26
-1.25667 1.25667
-1.25333 1.25333
-1.25 1.25
-1.24667 1.24667
-1.24333 1.24333
-1.24 1.24
-1.23667 1.23667
-1.23333 1.23333
-1.23 1.23
-1.22667 1.22667
-1.22333 1.22333
-1.22 1.22
-1.21667 1.21667
-1.21333 1.21333
-1.21 1.21
-1.20667 1.20667
-1.20333 1.20333
-1.2 1.2
-1.19667 1.19667
-1.19333 1.19333
-1.19 1.19
-1.18667 1.18667
-1.18333 1.18333
-1.18 1.18
-1.17667 1.17667
-1.17333 1.17333
-1.17 1.17
-1.16667 1.16667
-1.16333 1.16333
-1.16 1.16
-1.15667 1.15667
-1.15333 1.15333
-1.15 1.15
-1.14667 1.14667
-1.14333 1.14333
-1.14 1.14
-1.13667 1.13667
-1.13333 1.13333
-1.13 1.13
-1.12667 1.12667
-1.12333 1.12333
-1.12 1.12
-1.11667 1.11667
-1.11333 1.11333
-1.11 1.11
-1.10667 1.10667
-1.10333 1.10333
-1.1 1.1
-1.09667 1.09667
-1.09333 1.09333
-1.09 1.09
-1.08667 1.08667
-1.08333 1.08333
-1.08 1.08
-1.07667 1.07667
-1.07333 1.07333
-1.07 1.07
-1.06667 1.06667
-1.06333 1.06333
-1.06 1.06
-1.05667 1.05667
-1.05333 1.05333
-1.05 1.05
-1.04667 1.04667
-1.04333 1.04333
-1.04 1.04
-1.03667 1.03667
-1.03333 1.03333
-1.03 1.03
-1.02667 1.02667
-1.02333 1.02333
-1.02 1.02
-1.01667 1.01667
-1.01333 1.01333
-1.01 1.01
-1.00667 1.00667
-1.00333 1.00333
-1 1
-0.996667 0.996667
-0.993333 0.993333
-0.99 0.99
-0.986667 0.986667
-0.983333 0.983333
-0.98 0.98
-0.976667 0.976667
-0.973333 0.973333
-0.97 0.97
-0.966667 0.966667
-0.963333 0.963333
-0.96 0.96
-0.956667 0.956667
-0.953333 0.953333
-0.95 0.95
-0.946667 0.946667
-0.943333 0.943333
-0.94 0.94
-0.936667 0.936667
-0.933333 0.933333
-0.93 0.93
-0.926667 0.926667
-0.923333 0.923333
-0.92 0.92
-0.916667 0.916667
-0.913333 0.913333
-0.91 0.91
-0.906667 0.906667
-0.903333 0.903333
-0.9 0.9
-0.896667 0.896667
-0.893333 0.893333
-0.89 0.89
-0.886667 0.886667
-0.883333 0.883333
-0.88 0.88
-0.876667 0.876667
-0.873333 0.873333
-0.87 0.87
-0.866667 0.866667
-0.863333 0.863333
-0.86 0.86
-0.856667 0.856667
-0.853333 0.853333
-0.85 0.85
-0.846667 0.846667
-0.843333 0.843333
-0.84 0.84
-0.836667 0.836667
-0.833333 0.833333
-0.83 0.83
-0.826667 0.826667
-0.823333 0.823333
-0.82 0.82
-0.816667 0.816667
-0.813333 0.813333
-0.81 0.81
-0.806667 0.806667
-0.803333 0.803333
-0.8 0.8
-0.796667 0.796667
-0.793333 0.793333
-0.79 0.79
-0.786667 0.786667
-0.783333 0.783333
-0.78 0.78
-0.776667 0.776667
-0.773333 0.773333
-0.77 0.77
-0.766667 0.766667
-0.763333 0.763333
-0.76 0.76
-0.756667 0.756667
-0.753333 0.753333
-0.75 0.75
-0.746667 0.746667
-0.743333 0.743333
-0.74 0.74
-0.736667 0.736667
-0.733333 0.733333
-0.73 0.73
-0.726667 0.726667
-0.723333 0.723333
-0.72 0.72
-0.716667 0.716667
-0.713333 0.713333
-0.71 0.71
-0.706667 0.706667
-0.703333 0.703333
-0.7 0.7
-0.696667 0.696667
-0.693333 0.693333
-0.69 0.69
-0.686667 0.686667
-0.683333 0.683333
-0.68 0.68
-0.676667 0.676667
-0.673333 0.673333
-0.67 0.67
-0.666667 0.666667
-0.663333 0.663333
-0.66 0.66
-0.656667 0.656667
-0.653333 0.653333
-0.65 0.65
-0.646667 0.646667
-0.643333 0.643333
-0.64 0.64
-0.636667 0.643333
-0.633333 0.64
-0.63 0.636667
-0.626667 0.633333
-0.623333 0.63
-0.62 0.626667
-0.616667 0.623333
-0.613333 0.62
-0.61 0.616667
-0.606667 0.613333
-0.603333 0.61
-0.6 0.606667
-0.596667 0.603333
-0.593333 0.6
-0.59 0.596667
-0.586667 0.593333
-0.583333 0.59
-0.58 0.586667
-0.576667 0.583333
-0.573333 0.58
-0.57 0.576667
-0.566667 0.573333
-0.563333 0.57
-0.56 0.566667
-0.556667 0.563333
-0.553333 0.566667
-0.55 0.563333
-0.546667 0.56
-0.543333 0.556667
-0.54 0.553333
-0.536667 0.55
-0.533333 0.546667
-0.53 0.543333
-0.526667 0.546667
-0.523333 0.543333
-0.52 0.54
-0.516667 0.536667
-0.513333 0.533333
-0.51 0.53
-0.506667 0.526667
-0.503333 0.523333
-0.5 0.52
-0.496667 0.516667
-0.493333 0.513333
-0.49 0.516667
-0.486667 0.513333
-0.483333 0.51
-0.48 0.506667
-0.476667 0.503333
-0.473333 0.5
-0.47 0.496667
-0.466667 0.493333
-0.463333 0.496667
-0.46 0.493333
-0.456667 0.496667
-0.453333 0.493333
-0.45 0.49
-0.446667 0.486667
-0.443333 0.483333
-0.44 0.48
-0.436667 0.476667
-0.433333 0.473333
-0.43 0.47
-0.426667 0.466667
-0.423333 0.463333
-0.42 0.46
-0.416667 0.456667
-0.413333 0.453333
-0.41 0.456667
-0.406667 0.453333
-0.403333 0.45
-0.4 0.446667
-0.396667 0.443333
-0.393333 0.44
-0.39 0.436667
-0.386667 0.44
-0.383333 0.436667
-0.38 0.433333
-0.376667 0.436667
-0.373333 0.433333
-0.37 0.436667
-0.366667 0.433333
-0.363333 0.43
-0.36 0.433333
-0.356667 0.43
-0.353333 0.426667
-0.35 0.423333
-0.346667 0.42
-0.343333 0.416667
-0.34 0.413333
-0.336667 0.41
-0.333333 0.406667
-0.33 0.403333
-0.326667 0.4
-0.323333 0.396667
-0.32 0.393333
-0.316667 0.39
-0.313333 0.386667
-0.31 0.39
-0.306667 0.393333
-0.303333 0.39
-0.3 0.393333
-0.296667 0.39
-0.293333 0.386667
-0.29 0.39
-0.286667 0.386667
-0.283333 0.383333
-0.28 0.38
-0.276667 0.376667
-0.273333 0.38
-0.27 0.376667
-0.266667 0.38
-0.263333 0.376667
-0.26 0.38
-0.256667 0.376667
-0.253333 0.373333
-0.25 0.37
-0.246667 0.373333
-0.243333 0.37
-0.24 0.373333
-0.236667 0.37
-0.233333 0.366667
-0.23 0.37
-0.226667 0.373333
-0.223333 0.37
-0.22 0.366667
-0.216667 0.37
-0.213333 0.366667
-0.21 0.37
-0.206667 0.366667
-0.203333 0.37
-0.2 0.366667
-0.196667 0.37
-0.193333 0.373333
-0.19 0.37
-0.186667 0.366667
-0.183333 0.363333
-0.18 0.36
-0.176667 0.356667
-0.173333 0.353333
-0.17 0.356667
-0.166667 0.36
-0.163333 0.363333
-0.16 0.36
-0.156667 0.363333
-0.153333 0.36
-0.15 0.363333
-0.146667 0.366667
-0.143333 0.363333
-0.14 0.36
-0.136667 0.356667
-0.133333 0.353333
-0.13 0.35
-0.126667 0.346667
-0.123333 0.343333
-0.12 0.34
-0.116667 0.336667
-0.113333 0.333333
-0.11 0.33
-0.106667 0.326667
-0.103333 0.323333
-0.1 0.32
-0.0966667 0.323333
-0.0933333 0.326667
-0.09 0.33
-0.0866667 0.333333
-0.0833333 0.336667
-0.08 0.34
-0.0766667 0.343333
-0.0733333 0.34
-0.07 0.336667
-0.0666667 0.333333
-0.0633333 0.336667
-0.06 0.333333
-0.0566667 0.336667
-0.0533333 0.34
-0.05 0.336667
-0.0466667 0.333333
-0.0433333 0.33
-0.04 0.333333
-0.0366667 0.336667
-0.0333333 0.34
-0.03 0.336667
-0.0266667 0.34
-0.0233333 0.336667
-0.02 0.34
-0.0166667 0.336667
-0.0133333 0.34
-0.01 0.336667
-0.00666667 0.333333
-0.00333333 0.336667
0 0.333333
0.00333333 0.33
0.00666667 0.326667
0.01 0.323333
0.0133333 0.32
0.0166667 0.323333
0.02 0.32
0.0233333 0.316667
0.0266667 0.32
0.03 0.323333
0.0333333 0.326667
0.0366667 0.323333
0.04 0.326667
0.0433333 0.33
0.0466667 0.326667
0.05 0.33
0.0533333 0.326667
0.0566667 0.323333
0.06 0.326667
0.0633333 0.323333
0.0666667 0.326667
0.07 0.323333
0.0733333 0.32
0.0766667 0.323333
0.08 0.32
0.0833333 0.316667
0.0866667 0.32
0.09 0.323333
0.0933333 0.326667
0.0966667 0.33
0.1 0.326667
0.103333 0.33
0.106667 0.333333
0.11 0.33
0.113333 0.326667
0.116667 0.33
0.12 0.333333
0.123333 0.33
0.126667 0.333333
0.13 0.336667
0.133333 0.34
0.136667 0.336667
0.14 0.34
0.143333 0.343333
0.146667 0.346667
0.15 0.35
0.153333 0.353333
0.156667 0.35
0.16 0.353333
0.163333 0.356667
0.166667 0.36
0.17 0.356667
0.173333 0.36
0.176667 0.356667
0.18 0.353333
0.183333 0.35
0.186667 0.353333
0.19 0.356667
0.193333 0.353333
0.196667 0.356667
0.2 0.353333
0.203333 0.35
0.206667 0.353333
0.21 0.356667
0.213333 0.36
0.216667 0.363333
0.22 0.36
0.223333 0.356667
0.226667 0.36
0.23 0.363333
0.233333 0.366667
0.236667 0.37
0.24 0.366667
0.243333 0.37
0.246667 0.373333
0.25 0.376667
0.253333 0.38
0.256667 0.383333
0.26 0.386667
0.263333 0.39
0.266667 0.393333
0.27 0.39
0.273333 0.393333
0.276667 0.396667
0.28 0.4
0.283333 0.403333
0.286667 0.406667
0.29 0.41
0.293333 0.413333
0.296667 0.416667
0.3 0.42
0.303333 0.416667
0.306667 0.413333
0.31 0.416667
0.313333 0.42
0.316667 0.416667
0.32 0.42
0.323333 0.423333
0.326667 0.42
0.33 0.416667
0.333333 0.42
0.336667 0.423333
0.34 0.426667
0.343333 0.43
0.346667 0.433333
0.35 0.436667
0.353333 0.44
0.356667 0.443333
0.36 0.446667
0.363333 0.45
0.366667 0.446667
0.37 0.45
0.373333 0.453333
0.376667 0.45
0.38 0.446667
0.383333 0.45
0.386667 0.453333
0.39 0.456667
0.393333 0.46
0.396667 0.456667
0.4 0.46
0.403333 0.463333
0.406667 0.466667
0.41 0.463333
0.413333 0.466667
0.416667 0.47
0.42 0.473333
0.423333 0.476667
0.426667 0.48
0.43 0.483333
0.433333 0.486667
0.436667 0.49
0.44 0.493333
0.443333 0.496667
0.446667 0.5
0.45 0.503333
0.453333 0.506667
0.456667 0.51
0.46 0.513333
0.463333 0.516667
0.466667 0.52
0.47 0.516667
0.473333 0.52
0.476667 0.523333
0.48 0.526667
0.483333 0.53
0.486667 0.533333
0.49 0.536667
0.493333 0.54
0.496667 0.543333
0.5 0.54
0.503333 0.543333
0.506667 0.546667
0.51 0.55
0.513333 0.553333
0.516667 0.55
0.52 0.553333
0.523333 0.556667
0.526667 0.56
0.53 0.563333
0.533333 0.566667
0.536667 0.57
0.54 0.573333
0.543333 0.576667
0.546667 0.58
0.55 0.583333
0.553333 0.586667
0.556667 0.59
0.56 0.593333
0.563333 0.596667
0.566667 0.6
0.57 0.603333
0.573333 0.606667
0.576667 0.61
0.58 0.613333
0.583333 0.616667
0.586667 0.62
0.59 0.623333
0.593333 0.626667
0.596667 0.63
0.6 0.633333
0.603333 0.636667
0.606667 0.633333
0.61 0.636667
0.613333 0.64
0.616667 0.643333
0.62 0.64
0.623333 0.643333
0.626667 0.646667
0.63 0.65
0.633333 0.653333
0.636667 0.656667
0.64 0.66
0.643333 0.663333
0.646667 0.666667
0.65 0.663333
0.653333 0.666667
0.656667 0.67
0.66 0.673333
0.663333 0.676667
0.666667 0.68
0.67 0.683333
0.673333 0.686667
0.676667 0.69
0.68 0.693333
0.683333 0.696667
0.686667 0.7
0.69 0.703333
0.693333 0.706667
0.696667 0.71
0.7 0.713333
0.703333 0.716667
0.706667 0.72
0.71 0.723333
0.713333 0.726667
0.716667 0.73
0.72 0.733333
0.723333 0.736667
0.726667 0.74
0.73 0.743333
0.733333 0.746667
0.736667 0.75
0.74 0.753333
0.743333 0.756667
0.746667 0.76
0.75 0.756667
0.753333 0.76
0.756667 0.763333
0.76 0.766667
0.763333 0.77
0.766667 0.773333
0.77 0.776667
0.773333 0.78
0.776667 0.783333
0.78 0.786667
0.783333 0.783333
0.786667 0.786667
0.79 0.79
0.793333 0.793333
0.796667 0.796667
0.8 0.8
0.803333 0.803333
0.806667 0.806667
0.81 0.81
0.813333 0.813333
0.816667 0.816667
0.82 0.82
0.823333 0.823333
0.826667 0.826667
0.83 0.83
0.833333 0.833333
0.836667 0.836667
0.84 0.84
0.843333 0.843333
0.846667 0.846667
0.85 0.85
0.853333 0.853333
0.856667 0.856667
0.86 0.86
0.863333 0.863333
0.866667 0.866667
0.87 0.87
0.873333 0.873333
0.876667 0.876667
0.88 0.88
0.883333 0.883333
0.886667 0.886667
0.89 0.89
0.893333 0.893333
0.896667 0.896667
0.9 0.9
0.903333 0.903333
0.906667 0.906667
0.91 0.91
0.913333 0.913333
0.916667 0.916667
0.92 0.92
0.923333 0.923333
0.926667 0.926667
0.93 0.93
0.933333 0.933333
0.936667 0.936667
0.94 0.94
0.943333 0.943333
0.946667 0.946667
0.95 0.95
0.953333 0.953333
0.956667 0.956667
0.96 0.96
0.963333 0.963333
0.966667 0.966667
0.97 0.97
0.973333 0.973333
0.976667 0.976667
0.98 0.98
0.983333 0.983333
0.986667 0.986667
0.99 0.99
0.993333 0.993333
0.996667 0.996667
1 1
1.00333 1.00333
1.00667 1.00667
1.01 1.01
1.01333 1.01333
1.01667 1.01667
1.02 1.02
1.02333 1.02333
1.02667 1.02667
1.03 1.03
1.03333 1.03333
1.03667 1.03667
1.04 1.04
1.04333 1.04333
1.04667 1.04667
1.05 1.05
1.05333 1.05333
1.05667 1.05667
1.06 1.06
1.06333 1.06333
1.06667 1.06667
1.07 1.07
1.07333 1.07333
1.07667 1.07667
1.08 1.08
1.08333 1.08333
1.08667 1.08667
1.09 1.09
1.09333 1.09333
1.09667 1.09667
1.1 1.1
1.10333 1.10333
1.10667 1.10667
1.11 1.11
1.11333 1.11333
1.11667 1.11667
1.12 1.12
1.12333 1.12333
1.12667 1.12667
1.13 1.13
1.13333 1.13333
1.13667 1.13667
1.14 1.14
1.14333 1.14333
1.14667 1.14667
1.15 1.15
1.15333 1.15333
1.15667 1.15667
1.16 1.16
1.16333 1.16333
1.16667 1.16667
1.17 1.17
1.17333 1.17333
1.17667 1.17667
1.18 1.18
1.18333 1.18333
1.18667 1.18667
1.19 1.19
1.19333 1.19333
1.19667 1.19667
1.2 1.2
1.20333 1.20333
1.20667 1.20667
1.21 1.21
1.21333 1.21333
1.21667 1.21667
1.22 1.22
1.22333 1.22333
1.22667 1.22667
1.23 1.23
1.23333 1.23333
1.23667 1.23667
1.24 1.24
1.24333 1.24333
1.24667 1.24667
1.25 1.25
1.25333 1.25333
1.25667 1.25667
1.26 1.26
1.26333 1.26333
1.26667 1.26667
1.27 1.27
1.27333 1.27333
1.27667 1.27667
1.28 1.28
1.28333 1.28333
1.28667 1.28667
1.29 1.29
1.29333 1.29333
1.29667 1.29667
1.3 1.3
1.30333 1.30333
1.30667 1.30667
1.31 1.31
1.31333 1.31333
1.31667 1.31667
1.32 1.32
1.32333 1.32333
1.32667 1.32667
1.33 1.33
1.33333 1.33333
1.33667 1.33667
1.34 1.34
1.34333 1.34333
1.34667 1.34667
1.35 1.35
1.35333 1.35333
1.35667 1.35667
1.36 1.36
1.36333 1.36333
1.36667 1.36667
1.37 1.37
1.37333 1.37333
1.37667 1.37667
1.38 1.38
1.38333 1.38333
1.38667 1.38667
1.39 1.39
1.39333 1.39333
1.39667 1.39667
1.4 1.4
1.40333 1.40333
1.40667 1.40667
1.41 1.41
1.41333 1.41333
1.41667 1.41667
1.42 1.42
1.42333 1.42333
1.42667 1.42667
1.43 1.43
1.43333 1.43333
1.43667 1.43667
1.44 1.44
1.44333 1.44333
1.44667 1.44667
1.45 1.45
1.45333 1.45333
1.45667 1.45667
1.46 1.46
1.46333 1.46333
1.46667 1.46667
1.47 1.47
1.47333 1.47333
1.47667 1.47667
1.48 1.48
1.48333 1.48333
1.48667 1.48667
1.49 1.49
1.49333 1.49333
1.49667 1.49667
1.5 1.5
1.50333 1.50333
1.50667 1.50667
1.51 1.51
1.51333 1.51333
1.51667 1.51667
1.52 1.52
1.52333 1.52333
1.52667 1.52667
1.53 1.53
1.53333 1.53333
1.53667 1.53667
1.54 1.54
1.54333 1.54333
1.54667 1.54667
1.55 1.55
1.55333 1.55333
1.55667 1.55667
1.56 1.56
1.56333 1.56333
1.56667 1.56667
1.57 1.57
1.57333 1.57333
1.57667 1.57667
1.58 1.58
1.58333 1.58333
1.58667 1.58667
1.59 1.59
1.59333 1.59333
1.59667 1.59667
1.6 1.6
1.60333 1.60333
1.60667 1.60667
1.61 1.61
1.61333 1.61333
1.61667 1.61667
1.62 1.62
1.62333 1.62333
1.62667 1.62667
1.63 1.63
1.63333 1.63333
1.63667 1.63667
1.64 1.64
1.64333 1.64333
1.64667 1.64667
1.65 1.65
1.65333 1.65333
1.65667 1.65667
1.66 1.66
1.66333 1.66333
1.66667 1.66667
1.67 1.67
1.67333 1.67333
1.67667 1.67667
1.68 1.68
1.68333 1.68333
1.68667 1.68667
1.69 1.69
1.69333 1.69333
1.69667 1.69667
1.7 1.7
1.70333 1.70333
1.70667 1.70667
1.71 1.71
1.71333 1.71333
1.71667 1.71667
1.72 1.72
1.72333 1.72333
1.72667 1.72667
1.73 1.73
1.73333 1.73333
1.73667 1.73667
1.74 1.74
1.74333 1.74333
1.74667 1.74667
1.75 1.75
1.75333 1.75333
1.75667 1.75667
1.76 1.76
1.76333 1.76333
1.76667 1.76667
1.77 1.77
1.77333 1.77333
1.77667 1.77667
1.78 1.78
1.78333 1.78333
1.78667 1.78667
1.79 1.79
1.79333 1.79333
1.79667 1.79667
1.8 1.8
1.80333 1.80333
1.80667 1.80667
1.81 1.81
1.81333 1.81333
1.81667 1.81667
1.82 1.82
1.82333 1.82333
1.82667 1.82667
1.83 1.83
1.83333 1.83333
1.83667 1.83667
1.84 1.84
1.84333 1.84333
1.84667 1.84667
1.85 1.85
1.85333 1.85333
1.85667 1.85667
1.86 1.86
1.86333 1.86333
1.86667 1.86667
1.87 1.87
1.87333 1.87333
1.87667 1.87667
1.88 1.88
1.88333 1.88333
1.88667 1.88667
1.89 1.89
1.89333 1.89333
1.89667 1.89667
1.9 1.9
1.90333 1.90333
1.90667 1.90667
1.91 1.91
1.91333 1.91333
1.91667 1.91667
1.92 1.92
1.92333 1.92333
1.92667 1.92667
1.93 1.93
1.93333 1.93333
1.93667 1.93667
1.94 1.94
1.94333 1.94333
1.94667 1.94667
1.95 1.95
1.95333 1.95333
1.95667 1.95667
1.96 1.96
1.96333 1.96333
1.96667 1.96667
1.97 1.97
1.97333 1.97333
1.97667 1.97667
1.98 1.98
1.98333 1.98333
1.98667 1.98667
1.99 1.99
1.99333 1.99333
1.99667 1.99667
2 2
2.00333 2.00333
2.00667 2.00667
2.01 2.01
2.01333 2.01333
2.01667 2.01667
2.02 2.02
2.02333 2.02333
2.02667 2.02667
2.03 2.03
2.03333 2.03333
2.03667 2.03667
2.04 2.04
2.04333 2.04333
2.04667 2.04667
2.05 2.05
2.05333 2.05333
2.05667 2.05667
2.06 2.06
2.06333 2.06333
2.06667 2.06667
2.07 2.07
2.07333 2.07333
2.07667 2.07667
2.08 2.08
2.08333 2.08333
2.08667 2.08667
2.09 2.09
2.09333 2.09333
2.09667 2.09667
2.1 2.1
2.10333 2.10333
2.10667 2.10667
2.11 2.11
2.11333 2.11333
2.11667 2.11667
2.12 2.12
2.12333 2.12333
2.12667 2.12667
2.13 2.13
2.13333 2.13333
2.13667 2.13667
2.14 2.14
2.14333 2.14333
2.14667 2.14667
2.15 2.15
2.15333 2.15333
2.15667 2.15667
2.16 2.16
2.16333 2.16333
2.16667 2.16667
2.17 2.17
2.17333 2.17333
2.17667 2.17667
2.18 2.18
2.18333 2.18333
2.18667 2.18667
2.19 2.19
2.19333 2.19333
2.19667 2.19667
2.2 2.2
2.20333 2.20333
2.20667 2.20667
2.21 2.21
2.21333 2.21333
2.21667 2.21667
2.22 2.22
2.22333 2.22333
2.22667 2.22667
2.23 2.23
2.23333 2.23333
2.23667 2.23667
2.24 2.24
2.24333 2.24333
2.24667 2.24667
2.25 2.25
2.25333 2.25333
2.25667 2.25667
2.26 2.26
2.26333 2.26333
2.26667 2.26667
2.27 2.27
2.27333 2.27333
2.27667 2.27667
2.28 2.28
2.28333 2.28333
2.28667 2.28667
2.29 2.29
2.29333 2.29333
2.29667 2.29667
2.3 2.3
2.30333 2.30333
2.30667 2.30667
2.31 2.31
2.31333 2.31333
2.31667 2.31667
2.32 2.32
2.32333 2.32333
2.32667 2.32667
2.33 2.33
2.33333 2.33333
2.33667 2.33667
2.34 2.34
2.34333 2.34333
2.34667 2.34667
2.35 2.35
2.35333 2.35333
2.35667 2.35667
2.36 2.36
2.36333 2.36333
2.36667 2.36667
2.37 2.37
2.37333 2.37333
2.37667 2.37667
2.38 2.38
2.38333 2.38333
2.38667 2.38667
2.39 2.39
2.39333 2.39333
2.39667 2.39667
2.4 2.4
2.40333 2.40333
2.40667 2.40667
2.41 2.41
2.41333 2.41333
2.41667 2.41667
2.42 2.42
2.42333 2.42333
2.42667 2.42667
2.43 2.43
2.43333 2.43333
2.43667 2.43667
2.44 2.44
2.44333 2.44333
2.44667 2.44667
2.45 2.45
2.45333 2.45333
2.45667 2.45667
2.46 2.46
2.46333 2.46333
2.46667 2.46667
2.47 2.47
2.47333 2.47333
2.47667 2.47667
2.48 2.48
2.48333 2.48333
2.48667 2.48667
2.49 2.49
2.49333 2.49333
2.49667 2.49667
2.5 2.5
2.50333 2.50333
2.50667 2.50667
2.51 2.51
2.51333 2.51333
2.51667 2.51667
2.52 2.52
2.52333 2.52333
2.52667 2.52667
2.53 2.53
2.53333 2.53333
2.53667 2.53667
2.54 2.54
2.54333 2.54333
2.54667 2.54667
2.55 2.55
2.55333 2.55333
2.55667 2.55667
2.56 2.56
2.56333 2.56333
2.56667 2.56667
2.57 2.57
2.57333 2.57333
2.57667 2.57667
2.58 2.58
2.58333 2.58333
2.58667 2.58667
2.59 2.59
2.59333 2.59333
2.59667 2.59667
2.6 2.6
2.60333 2.60333
2.60667 2.60667
2.61 2.61
2.61333 2.61333
2.61667 2.61667
2.62 2.62
2.62333 2.62333
2.62667 2.62667
2.63 2.63
2.63333 2.63333
2.63667 2.63667
2.64 2.64
2.64333 2.64333
2.64667 2.64667
2.65 2.65
2.65333 2.65333
2.65667 2.65667
2.66 2.66
2.66333 2.66333
2.66667 2.66667
2.67 2.67
2.67333 2.67333
2.67667 2.67667
2.68 2.68
2.68333 2.68333
2.68667 2.68667
2.69 2.69
2.69333 2.69333
2.69667 2.69667
2.7 2.7
2.70333 2.70333
2.70667 2.70667
2.71 2.71
2.71333 2.71333
2.71667 2.71667
2.72 2.72
2.72333 2.72333
2.72667 2.72667
2.73 2.73
2.73333 2.73333
2.73667 2.73667
2.74 2.74
2.74333 2.74333
2.74667 2.74667
2.75 2.75
2.75333 2.75333
2.75667 2.75667
2.76 2.76
2.76333 2.76333
2.76667 2.76667
2.77 2.77
2.77333 2.77333
2.77667 2.77667
2.78 2.78
2.78333 2.78333
2.78667 2.78667
2.79 2.79
2.79333 2.79333
2.79667 2.79667
2.8 2.8
2.80333 2.80333
2.80667 2.80667
2.81 2.81
2.81333 2.81333
2.81667 2.81667
2.82 2.82
2.82333 2.82333
2.82667 2.82667
2.83 2.83
2.83333 2.83333
2.83667 2.83667
2.84 2.84
2.84333 2.84333
2.84667 2.84667
2.85 2.85
2.85333 2.85333
2.85667 2.85667
2.86 2.86
2.86333 2.86333
2.86667 2.86667
2.87 2.87
2.87333 2.87333
2.87667 2.87667
2.88 2.88
2.88333 2.88333
2.88667 2.88667
2.89 2.89
2.89333 2.89333
2.89667 2.89667
2.9 2.9
2.90333 2.90333
2.90667 2.90667
2.91 2.91
2.91333 2.91333
2.91667 2.91667
2.92 2.92
2.92333 2.92333
2.92667 2.92667
2.93 2.93
2.93333 2.93333
2.93667 2.93667
2.94 2.94
2.94333 2.94333
2.94667 2.94667
2.95 2.95
2.95333 2.95333
2.95667 2.95667
2.96 2.96
2.96333 2.96333
2.96667 2.96667
2.97 2.97
2.97333 2.97333
2.97667 2.97667
2.98 2.98
2.98333 2.98333
2.98667 2.98667
2.99 2.99
2.99333 2.99333
2.99667 2.99667
3 3
3.00333 3.00333
3.00667 3.00667
3.01 3.01
3.01333 3.01333
3.01667 3.01667
3.02 3.02
3.02333 3.02333
3.02667 3.02667
3.03 3.03
3.03333 3.03333
3.03667 3.03667
3.04 3.04
3.04333 3.04333
3.04667 3.04667
3.05 3.05
3.05333 3.05333
3.05667 3.05667
3.06 3.06
3.06333 3.06333
3.06667 3.06667
3.07 3.07
3.07333 3.07333
3.07667 3.07667
3.08 3.08
3.08333 3.08333
3.08667 3.08667
3.09 3.09
3.09333 3.09333
3.09667 3.09667
3.1 3.1
3.10333 3.10333
3.10667 3.10667
3.11 3.11
3.11333 3.11333
3.11667 3.11667
3.12 3.12
3.12333 3.12333
3.12667 3.12667
3.13 3.13
3.13333 3.13333
3.13667 3.13667
3.14 3.14
3.14333 3.14333
3.14667 3.14667
3.15 3.15
3.15333 3.15333
3.15667 3.15667
3.16 3.16
3.16333 3.16333
3.16667 3.16667
3.17 3.17
3.17333 3.17333
3.17667 3.17667
3.18 3.18
3.18333 3.18333
3.18667 3.18667
3.19 3.19
3.19333 3.19333
3.19667 3.19667
3.2 3.2
3.20333 3.20333
3.20667 3.20667
3.21 3.21
3.21333 3.21333
3.21667 3.21667
3.22 3.22
3.22333 3.22333
3.22667 3.22667
3.23 3.23
3.23333 3.23333
3.23667 3.23667
3.24 3.24
3.24333 3.24333
3.24667 3.24667
3.25 3.25
3.25333 3.25333
3.25667 3.25667
3.26 3.26
3.26333 3.26333
3.26667 3.26667
3.27 3.27
3.27333 3.27333
3.27667 3.27667
3.28 3.28
3.28333 3.28333
3.28667 3.28667
3.29 3.29
3.29333 3.29333
3.29667 3.29667
3.3 3.3
3.30333 3.30333
3.30667 3.30667
3.31 3.31
3.31333 3.31333
3.31667 3.31667
3.32 3.32
3.32333 3.32333
3.32667 3.32667
3.33 3.33
