-0.555556 0.555556
-0.555 0.556111
-0.554444 0.556667
-0.553889 0.557222
-0.553333 0.557778
-0.552778 0.558333
-0.552222 0.557778
-0.551667 0.557222
-0.551111 0.556667
-0.550556 0.556111
-0.55 0.555556
-0.549444 0.555
-0.548889 0.554444
-0.548333 0.553889
-0.547778 0.553333
-0.547222 0.552778
-0.546667 0.552222
-0.546111 0.551667
-0.545556 0.551111
-0.545 0.550556
-0.544444 0.55
-0.543889 0.549444
-0.543333 0.548889
-0.542778 0.548333
-0.542222 0.547778
-0.541667 0.547222
-0.541111 0.546667
-0.540556 0.546111
-0.54 0.546667
-0.539444 0.546111
-0.538889 0.546667
-0.538333 0.547222
-0.537778 0.546667
-0.537222 0.546111
-0.536667 0.545556
-0.536111 0.546111
-0.535556 0.545556
-0.535 0.546111
-0.534444 0.545556
-0.533889 0.545
-0.533333 0.544444
-0.532778 0.543889
-0.532222 0.543333
-0.531667 0.542778
-0.531111 0.542222
-0.530556 0.541667
-0.53 0.541111
-0.529444 0.540556
-0.528889 0.54
-0.528333 0.539444
-0.527778 0.538889
-0.527222 0.538333
-0.526667 0.537778
-0.526111 0.537222
-0.525556 0.536667
-0.525 0.536111
-0.524444 0.535556
-0.523889 0.535
-0.523333 0.535556
-0.522778 0.535
-0.522222 0.534444
-0.521667 0.535
-0.521111 0.535556
-0.520556 0.535
-0.52 0.534444
-0.519444 0.533889
-0.518889 0.533333
-0.518333 0.532778
-0.517778 0.532222
-0.517222 0.531667
-0.516667 0.532222
-0.516111 0.531667
-0.515556 0.532222
-0.515 0.531667
-0.514444 0.531111
-0.513889 0.530556
-0.513333 0.53
-0.512778 0.529444
-0.512222 0.528889
-0.511667 0.528333
-0.511111 0.527778
-0.510556 0.527222
-0.51 0.526667
-0.509444 0.526111
-0.508889 0.525556
-0.508333 0.525
-0.507778 0.524444
-0.507222 0.523889
-0.506667 0.523333
-0.506111 0.522778
-0.505556 0.522222
-0.505 0.521667
-0.504444 0.521111
-0.503889 0.520556
-0.503333 0.52
-0.502778 0.519444
-0.502222 0.518889
-0.501667 0.519444
-0.501111 0.52
-0.500556 0.519444
-0.5 0.518889
-0.499444 0.518333
-0.498889 0.517778
-0.498333 0.517222
-0.497778 0.516667
-0.497222 0.516111
-0.496667 0.515556
-0.496111 0.516111
-0.495556 0.515556
-0.495 0.515
-0.494444 0.514444
-0.493889 0.513889
-0.493333 0.513333
-0.492778 0.512778
-0.492222 0.512222
-0.491667 0.511667
-0.491111 0.512222
-0.490556 0.511667
-0.49 0.511111
-0.489444 0.510556
-0.488889 0.51
-0.488333 0.509444
-0.487778 0.508889
-0.487222 0.508333
-0.486667 0.508889
-0.486111 0.508333
-0.485556 0.507778
-0.485 0.508333
-0.484444 0.507778
-0.483889 0.507222
-0.483333 0.506667
-0.482778 0.506111
-0.482222 0.506667
-0.481667 0.506111
-0.481111 0.505556
-0.480556 0.505
-0.48 0.504444
-0.479444 0.503889
-0.478889 0.503333
-0.478333 0.502778
-0.477778 0.502222
-0.477222 0.502778
-0.476667 0.502222
-0.476111 0.501667
-0.475556 0.501111
-0.475 0.500556
-0.474444 0.5
-0.473889 0.499444
-0.473333 0.498889
-0.472778 0.498333
-0.472222 0.497778
-0.471667 0.497222
-0.471111 0.496667
-0.470556 0.496111
-0.47 0.495556
-0.469444 0.495
-0.468889 0.494444
-0.468333 0.493889
-0.467778 0.494444
-0.467222 0.493889
-0.466667 0.493333
-0.466111 0.492778
-0.465556 0.493333
-0.465 0.492778
-0.464444 0.493333
-0.463889 0.492778
-0.463333 0.492222
-0.462778 0.491667
-0.462222 0.491111
-0.461667 0.490556
-0.461111 0.49
-0.460556 0.489444
-0.46 0.488889
-0.459444 0.489444
-0.458889 0.488889
-0.458333 0.488333
-0.457778 0.487778
-0.457222 0.487222
-0.456667 0.486667
-0.456111 0.486111
-0.455556 0.485556
-0.455 0.485
-0.454444 0.484444
-0.453889 0.483889
-0.453333 0.483333
-0.452778 0.482778
-0.452222 0.482222
-0.451667 0.481667
-0.451111 0.481111
-0.450556 0.480556
-0.45 0.48
-0.449444 0.479444
-0.448889 0.478889
-0.448333 0.478333
-0.447778 0.477778
-0.447222 0.477222
-0.446667 0.476667
-0.446111 0.477222
-0.445556 0.476667
-0.445 0.476111
-0.444444 0.475556
-0.443889 0.476111
-0.443333 0.476667
-0.442778 0.476111
-0.442222 0.475556
-0.441667 0.475
-0.441111 0.474444
-0.440556 0.473889
-0.44 0.473333
-0.439444 0.472778
-0.438889 0.472222
-0.438333 0.471667
-0.437778 0.471111
-0.437222 0.470556
-0.436667 0.47
-0.436111 0.469444
-0.435556 0.468889
-0.435 0.468333
-0.434444 0.467778
-0.433889 0.468333
-0.433333 0.468889
-0.432778 0.468333
-0.432222 0.467778
-0.431667 0.467222
-0.431111 0.466667
-0.430556 0.466111
-0.43 0.465556
-0.429444 0.465
-0.428889 0.464444
-0.428333 0.463889
-0.427778 0.463333
-0.427222 0.462778
-0.426667 0.462222
-0.426111 0.461667
-0.425556 0.461111
-0.425 0.460556
-0.424444 0.46
-0.423889 0.460556
-0.423333 0.461111
-0.422778 0.461667
-0.422222 0.461111
-0.421667 0.460556
-0.421111 0.46
-0.420556 0.459444
-0.42 0.458889
-0.419444 0.458333
-0.418889 0.458889
-0.418333 0.458333
-0.417778 0.458889
-0.417222 0.459444
-0.416667 0.458889
-0.416111 0.458333
-0.415556 0.458889
-0.415 0.458333
-0.414444 0.457778
-0.413889 0.457222
-0.413333 0.456667
-0.412778 0.457222
-0.412222 0.456667
-0.411667 0.456111
-0.411111 0.456667
-0.410556 0.456111
-0.41 0.455556
-0.409444 0.455
-0.408889 0.454444
-0.408333 0.453889
-0.407778 0.453333
-0.407222 0.452778
-0.406667 0.452222
-0.406111 0.451667
-0.405556 0.451111
-0.405 0.450556
-0.404444 0.45
-0.403889 0.450556
-0.403333 0.45
-0.402778 0.449444
-0.402222 0.448889
-0.401667 0.448333
-0.401111 0.447778
-0.400556 0.447222
-0.4 0.446667
-0.399444 0.447222
-0.398889 0.446667
-0.398333 0.446111
-0.397778 0.445556
-0.397222 0.445
-0.396667 0.444444
-0.396111 0.443889
-0.395556 0.443333
-0.395 0.442778
-0.394444 0.442222
-0.393889 0.441667
-0.393333 0.441111
-0.392778 0.440556
-0.392222 0.44
-0.391667 0.439444
-0.391111 0.438889
-0.390556 0.438333
-0.39 0.438889
-0.389444 0.438333
-0.388889 0.437778
-0.388333 0.437222
-0.387778 0.436667
-0.387222 0.436111
-0.386667 0.435556
-0.386111 0.435
-0.385556 0.434444
-0.385 0.433889
-0.384444 0.434444
-0.383889 0.433889
-0.383333 0.433333
-0.382778 0.432778
-0.382222 0.432222
-0.381667 0.431667
-0.381111 0.431111
-0.380556 0.430556
-0.38 0.43
-0.379444 0.430556
-0.378889 0.431111
-0.378333 0.430556
-0.377778 0.431111
-0.377222 0.430556
-0.376667 0.43
-0.376111 0.429444
-0.375556 0.428889
-0.375 0.428333
-0.374444 0.427778
-0.373889 0.427222
-0.373333 0.426667
-0.372778 0.426111
-0.372222 0.425556
-0.371667 0.426111
-0.371111 0.425556
-0.370556 0.426111
-0.37 0.425556
-0.369444 0.426111
-0.368889 0.425556
-0.368333 0.426111
-0.367778 0.425556
-0.367222 0.425
-0.366667 0.425556
-0.366111 0.426111
-0.365556 0.426667
-0.365 0.426111
-0.364444 0.425556
-0.363889 0.425
-0.363333 0.424444
-0.362778 0.423889
-0.362222 0.423333
-0.361667 0.422778
-0.361111 0.422222
-0.360556 0.421667
-0.36 0.421111
-0.359444 0.420556
-0.358889 0.42
-0.358333 0.419444
-0.357778 0.418889
-0.357222 0.419444
-0.356667 0.418889
-0.356111 0.419444
-0.355556 0.418889
-0.355 0.419444
-0.354444 0.418889
-0.353889 0.418333
-0.353333 0.417778
-0.352778 0.417222
-0.352222 0.416667
-0.351667 0.416111
-0.351111 0.415556
-0.350556 0.415
-0.35 0.415556
-0.349444 0.415
-0.348889 0.414444
-0.348333 0.415
-0.347778 0.414444
-0.347222 0.415
-0.346667 0.415556
-0.346111 0.415
-0.345556 0.414444
-0.345 0.413889
-0.344444 0.413333
-0.343889 0.413889
-0.343333 0.414444
-0.342778 0.413889
-0.342222 0.414444
-0.341667 0.413889
-0.341111 0.413333
-0.340556 0.412778
-0.34 0.413333
-0.339444 0.412778
-0.338889 0.413333
-0.338333 0.413889
-0.337778 0.414444
-0.337222 0.413889
-0.336667 0.414444
-0.336111 0.415
-0.335556 0.415556
-0.335 0.415
-0.334444 0.414444
-0.333889 0.413889
-0.333333 0.414444
-0.332778 0.413889
-0.332222 0.413333
-0.331667 0.412778
-0.331111 0.412222
-0.330556 0.411667
-0.33 0.411111
-0.329444 0.410556
-0.328889 0.41
-0.328333 0.409444
-0.327778 0.408889
-0.327222 0.408333
-0.326667 0.407778
-0.326111 0.407222
-0.325556 0.406667
-0.325 0.406111
-0.324444 0.405556
-0.323889 0.406111
-0.323333 0.405556
-0.322778 0.406111
-0.322222 0.405556
-0.321667 0.405
-0.321111 0.404444
-0.320556 0.403889
-0.32 0.403333
-0.319444 0.402778
-0.318889 0.402222
-0.318333 0.401667
-0.317778 0.401111
-0.317222 0.400556
-0.316667 0.4
-0.316111 0.399444
-0.315556 0.398889
-0.315 0.398333
-0.314444 0.397778
-0.313889 0.397222
-0.313333 0.397778
-0.312778 0.398333
-0.312222 0.397778
-0.311667 0.397222
-0.311111 0.396667
-0.310556 0.396111
-0.31 0.395556
-0.309444 0.395
-0.308889 0.395556
-0.308333 0.395
-0.307778 0.394444
-0.307222 0.393889
-0.306667 0.393333
-0.306111 0.392778
-0.305556 0.392222
-0.305 0.391667
-0.304444 0.391111
-0.303889 0.390556
-0.303333 0.39
-0.302778 0.390556
-0.302222 0.391111
-0.301667 0.390556
-0.301111 0.39
-0.300556 0.390556
-0.3 0.391111
-0.299444 0.391667
-0.298889 0.391111
-0.298333 0.390556
-0.297778 0.39
-0.297222 0.389444
-0.296667 0.388889
-0.296111 0.388333
-0.295556 0.388889
-0.295 0.388333
-0.294444 0.387778
-0.293889 0.387222
-0.293333 0.387778
-0.292778 0.387222
-0.292222 0.386667
-0.291667 0.387222
-0.291111 0.386667
-0.290556 0.386111
-0.29 0.385556
-0.289444 0.385
-0.288889 0.384444
-0.288333 0.385
-0.287778 0.384444
-0.287222 0.383889
-0.286667 0.384444
-0.286111 0.385
-0.285556 0.385556
-0.285 0.385
-0.284444 0.384444
-0.283889 0.383889
-0.283333 0.383333
-0.282778 0.382778
-0.282222 0.382222
-0.281667 0.381667
-0.281111 0.381111
-0.280556 0.380556
-0.28 0.38
-0.279444 0.379444
-0.278889 0.378889
-0.278333 0.378333
-0.277778 0.377778
-0.277222 0.377222
-0.276667 0.376667
-0.276111 0.376111
-0.275556 0.375556
-0.275 0.375
-0.274444 0.374444
-0.273889 0.373889
-0.273333 0.373333
-0.272778 0.372778
-0.272222 0.372222
-0.271667 0.372778
-0.271111 0.372222
-0.270556 0.372778
-0.27 0.373333
-0.269444 0.373889
-0.268889 0.373333
-0.268333 0.372778
-0.267778 0.372222
-0.267222 0.371667
-0.266667 0.371111
-0.266111 0.370556
-0.265556 0.37
-0.265 0.370556
-0.264444 0.371111
-0.263889 0.370556
-0.263333 0.371111
-0.262778 0.370556
-0.262222 0.37
-0.261667 0.369444
-0.261111 0.368889
-0.260556 0.368333
-0.26 0.367778
-0.259444 0.367222
-0.258889 0.366667
-0.258333 0.366111
-0.257778 0.365556
-0.257222 0.366111
-0.256667 0.366667
-0.256111 0.367222
-0.255556 0.367778
-0.255 0.367222
-0.254444 0.366667
-0.253889 0.367222
-0.253333 0.367778
-0.252778 0.367222
-0.252222 0.366667
-0.251667 0.366111
-0.251111 0.365556
-0.250556 0.365
-0.25 0.364444
-0.249444 0.363889
-0.248889 0.363333
-0.248333 0.363889
-0.247778 0.364444
-0.247222 0.365
-0.246667 0.364444
-0.246111 0.363889
-0.245556 0.363333
-0.245 0.362778
-0.244444 0.362222
-0.243889 0.362778
-0.243333 0.362222
-0.242778 0.361667
-0.242222 0.361111
-0.241667 0.361667
-0.241111 0.362222
-0.240556 0.361667
-0.24 0.361111
-0.239444 0.360556
-0.238889 0.36
-0.238333 0.359444
-0.237778 0.358889
-0.237222 0.358333
-0.236667 0.357778
-0.236111 0.357222
-0.235556 0.356667
-0.235 0.356111
-0.234444 0.355556
-0.233889 0.355
-0.233333 0.354444
-0.232778 0.355
-0.232222 0.355556
-0.231667 0.355
-0.231111 0.354444
-0.230556 0.353889
-0.23 0.353333
-0.229444 0.352778
-0.228889 0.352222
-0.228333 0.351667
-0.227778 0.352222
-0.227222 0.352778
-0.226667 0.352222
-0.226111 0.351667
-0.225556 0.352222
-0.225 0.351667
-0.224444 0.351111
-0.223889 0.350556
-0.223333 0.35
-0.222778 0.350556
-0.222222 0.35
-0.221667 0.350556
-0.221111 0.35
-0.220556 0.350556
-0.22 0.351111
-0.219444 0.351667
-0.218889 0.352222
-0.218333 0.351667
-0.217778 0.352222
-0.217222 0.352778
-0.216667 0.352222
-0.216111 0.352778
-0.215556 0.352222
-0.215 0.351667
-0.214444 0.351111
-0.213889 0.350556
-0.213333 0.35
-0.212778 0.349444
-0.212222 0.348889
-0.211667 0.348333
-0.211111 0.347778
-0.210556 0.348333
-0.21 0.348889
-0.209444 0.348333
-0.208889 0.348889
-0.208333 0.348333
-0.207778 0.348889
-0.207222 0.348333
-0.206667 0.347778
-0.206111 0.347222
-0.205556 0.347778
-0.205 0.347222
-0.204444 0.346667
-0.203889 0.346111
-0.203333 0.345556
-0.202778 0.346111
-0.202222 0.346667
-0.201667 0.346111
-0.201111 0.345556
-0.200556 0.345
-0.2 0.345556
-0.199444 0.346111
-0.198889 0.346667
-0.198333 0.347222
-0.197778 0.346667
-0.197222 0.346111
-0.196667 0.345556
-0.196111 0.345
-0.195556 0.345556
-0.195 0.346111
-0.194444 0.345556
-0.193889 0.345
-0.193333 0.345556
-0.192778 0.345
-0.192222 0.344444
-0.191667 0.343889
-0.191111 0.344444
-0.190556 0.345
-0.19 0.344444
-0.189444 0.343889
-0.188889 0.343333
-0.188333 0.343889
-0.187778 0.343333
-0.187222 0.343889
-0.186667 0.343333
-0.186111 0.342778
-0.185556 0.343333
-0.185 0.343889
-0.184444 0.343333
-0.183889 0.342778
-0.183333 0.343333
-0.182778 0.342778
-0.182222 0.342222
-0.181667 0.341667
-0.181111 0.341111
-0.180556 0.340556
-0.18 0.34
-0.179444 0.339444
-0.178889 0.34
-0.178333 0.340556
-0.177778 0.34
-0.177222 0.340556
-0.176667 0.34
-0.176111 0.340556
-0.175556 0.341111
-0.175 0.340556
-0.174444 0.34
-0.173889 0.340556
-0.173333 0.34
-0.172778 0.340556
-0.172222 0.34
-0.171667 0.340556
-0.171111 0.341111
-0.170556 0.340556
-0.17 0.341111
-0.169444 0.341667
-0.168889 0.341111
-0.168333 0.340556
-0.167778 0.34
-0.167222 0.340556
-0.166667 0.341111
-0.166111 0.340556
-0.165556 0.34
-0.165 0.339444
-0.164444 0.34
-0.163889 0.339444
-0.163333 0.338889
-0.162778 0.338333
-0.162222 0.337778
-0.161667 0.337222
-0.161111 0.337778
-0.160556 0.337222
-0.16 0.337778
-0.159444 0.337222
-0.158889 0.336667
-0.158333 0.336111
-0.157778 0.336667
-0.157222 0.336111
-0.156667 0.335556
-0.156111 0.335
-0.155556 0.334444
-0.155 0.333889
-0.154444 0.333333
-0.153889 0.332778
-0.153333 0.332222
-0.152778 0.331667
-0.152222 0.331111
-0.151667 0.331667
-0.151111 0.331111
-0.150556 0.330556
-0.15 0.33
-0.149444 0.329444
-0.148889 0.33
-0.148333 0.329444
-0.147778 0.33
-0.147222 0.329444
-0.146667 0.328889
-0.146111 0.328333
-0.145556 0.328889
-0.145 0.329444
-0.144444 0.328889
-0.143889 0.329444
-0.143333 0.328889
-0.142778 0.329444
-0.142222 0.33
-0.141667 0.329444
-0.141111 0.33
-0.140556 0.329444
-0.14 0.33
-0.139444 0.329444
-0.138889 0.328889
-0.138333 0.328333
-0.137778 0.327778
-0.137222 0.328333
-0.136667 0.327778
-0.136111 0.327222
-0.135556 0.326667
-0.135 0.326111
-0.134444 0.325556
-0.133889 0.325
-0.133333 0.324444
-0.132778 0.325
-0.132222 0.324444
-0.131667 0.323889
-0.131111 0.323333
-0.130556 0.323889
-0.13 0.323333
-0.129444 0.322778
-0.128889 0.322222
-0.128333 0.321667
-0.127778 0.321111
-0.127222 0.320556
-0.126667 0.321111
-0.126111 0.320556
-0.125556 0.321111
-0.125 0.320556
-0.124444 0.321111
-0.123889 0.321667
-0.123333 0.322222
-0.122778 0.322778
-0.122222 0.322222
-0.121667 0.322778
-0.121111 0.323333
-0.120556 0.322778
-0.12 0.322222
-0.119444 0.321667
-0.118889 0.321111
-0.118333 0.321667
-0.117778 0.321111
-0.117222 0.320556
-0.116667 0.32
-0.116111 0.319444
-0.115556 0.318889
-0.115 0.318333
-0.114444 0.317778
-0.113889 0.317222
-0.113333 0.316667
-0.112778 0.317222
-0.112222 0.317778
-0.111667 0.317222
-0.111111 0.316667
-0.110556 0.316111
-0.11 0.316667
-0.109444 0.317222
-0.108889 0.317778
-0.108333 0.318333
-0.107778 0.318889
-0.107222 0.318333
-0.106667 0.317778
-0.106111 0.317222
-0.105556 0.316667
-0.105 0.317222
-0.104444 0.317778
-0.103889 0.318333
-0.103333 0.318889
-0.102778 0.318333
-0.102222 0.317778
-0.101667 0.318333
-0.101111 0.317778
-0.100556 0.317222
-0.1 0.317778
-0.0994444 0.317222
-0.0988889 0.317778
-0.0983333 0.317222
-0.0977778 0.316667
-0.0972222 0.316111
-0.0966667 0.316667
-0.0961111 0.317222
-0.0955556 0.316667
-0.095 0.317222
-0.0944444 0.316667
-0.0938889 0.316111
-0.0933333 0.315556
-0.0927778 0.315
-0.0922222 0.314444
-0.0916667 0.313889
-0.0911111 0.314444
-0.0905556 0.315
-0.09 0.314444
-0.0894444 0.315
-0.0888889 0.314444
-0.0883333 0.315
-0.0877778 0.314444
-0.0872222 0.313889
-0.0866667 0.314444
-0.0861111 0.315
-0.0855556 0.314444
-0.085 0.313889
-0.0844444 0.314444
-0.0838889 0.313889
-0.0833333 0.313333
-0.0827778 0.312778
-0.0822222 0.312222
-0.0816667 0.312778
-0.0811111 0.312222
-0.0805556 0.312778
-0.08 0.312222
-0.0794444 0.312778
-0.0788889 0.313333
-0.0783333 0.313889
-0.0777778 0.313333
-0.0772222 0.312778
-0.0766667 0.312222
-0.0761111 0.311667
-0.0755556 0.311111
-0.075 0.311667
-0.0744444 0.311111
-0.0738889 0.310556
-0.0733333 0.311111
-0.0727778 0.310556
-0.0722222 0.31
-0.0716667 0.309444
-0.0711111 0.31
-0.0705556 0.310556
-0.07 0.311111
-0.0694444 0.310556
-0.0688889 0.311111
-0.0683333 0.310556
-0.0677778 0.31
-0.0672222 0.309444
-0.0666667 0.31
-0.0661111 0.309444
-0.0655556 0.308889
-0.065 0.308333
-0.0644444 0.307778
-0.0638889 0.308333
-0.0633333 0.308889
-0.0627778 0.309444
-0.0622222 0.308889
-0.0616667 0.309444
-0.0611111 0.308889
-0.0605556 0.309444
-0.06 0.31
-0.0594444 0.309444
-0.0588889 0.31
-0.0583333 0.310556
-0.0577778 0.311111
-0.0572222 0.310556
-0.0566667 0.31
-0.0561111 0.309444
-0.0555556 0.31
-0.055 0.310556
-0.0544444 0.311111
-0.0538889 0.311667
-0.0533333 0.311111
-0.0527778 0.310556
-0.0522222 0.31
-0.0516667 0.309444
-0.0511111 0.31
-0.0505556 0.309444
-0.05 0.31
-0.0494444 0.309444
-0.0488889 0.308889
-0.0483333 0.308333
-0.0477778 0.307778
-0.0472222 0.307222
-0.0466667 0.307778
-0.0461111 0.308333
-0.0455556 0.308889
-0.045 0.308333
-0.0444444 0.307778
-0.0438889 0.307222
-0.0433333 0.307778
-0.0427778 0.308333
-0.0422222 0.308889
-0.0416667 0.309444
-0.0411111 0.308889
-0.0405556 0.308333
-0.04 0.307778
-0.0394444 0.308333
-0.0388889 0.308889
-0.0383333 0.308333
-0.0377778 0.308889
-0.0372222 0.308333
-0.0366667 0.308889
-0.0361111 0.309444
-0.0355556 0.308889
-0.035 0.309444
-0.0344444 0.308889
-0.0338889 0.308333
-0.0333333 0.307778
-0.0327778 0.307222
-0.0322222 0.307778
-0.0316667 0.307222
-0.0311111 0.306667
-0.0305556 0.307222
-0.03 0.307778
-0.0294444 0.308333
-0.0288889 0.307778
-0.0283333 0.308333
-0.0277778 0.308889
-0.0272222 0.308333
-0.0266667 0.308889
-0.0261111 0.308333
-0.0255556 0.308889
-0.025 0.308333
-0.0244444 0.308889
-0.0238889 0.309444
-0.0233333 0.308889
-0.0227778 0.309444
-0.0222222 0.308889
-0.0216667 0.309444
-0.0211111 0.31
-0.0205556 0.310556
-0.02 0.311111
-0.0194444 0.311667
-0.0188889 0.311111
-0.0183333 0.310556
-0.0177778 0.31
-0.0172222 0.309444
-0.0166667 0.31
-0.0161111 0.310556
-0.0155556 0.31
-0.015 0.309444
-0.0144444 0.31
-0.0138889 0.309444
-0.0133333 0.31
-0.0127778 0.309444
-0.0122222 0.308889
-0.0116667 0.308333
-0.0111111 0.308889
-0.0105556 0.308333
-0.01 0.307778
-0.00944444 0.308333
-0.00888889 0.308889
-0.00833333 0.308333
-0.00777778 0.308889
-0.00722222 0.309444
-0.00666667 0.31
-0.00611111 0.310556
-0.00555556 0.31
-0.005 0.309444
-0.00444444 0.308889
-0.00388889 0.308333
-0.00333333 0.307778
-0.00277778 0.308333
-0.00222222 0.307778
-0.00166667 0.308333
-0.00111111 0.308889
-0.000555556 0.309444
0 0.31
0.000555556 0.310556
0.00111111 0.31
0.00166667 0.309444
0.00222222 0.31
0.00277778 0.310556
0.00333333 0.31
0.00388889 0.309444
0.00444444 0.31
0.005 0.309444
0.00555556 0.31
0.00611111 0.310556
0.00666667 0.311111
0.00722222 0.311667
0.00777778 0.311111
0.00833333 0.310556
0.00888889 0.311111
0.00944444 0.310556
0.01 0.31
0.0105556 0.309444
0.0111111 0.31
0.0116667 0.309444
0.0122222 0.31
0.0127778 0.309444
0.0133333 0.308889
0.0138889 0.308333
0.0144444 0.307778
0.015 0.308333
0.0155556 0.308889
0.0161111 0.308333
0.0166667 0.307778
0.0172222 0.308333
0.0177778 0.308889
0.0183333 0.308333
0.0188889 0.307778
0.0194444 0.308333
0.02 0.307778
0.0205556 0.308333
0.0211111 0.307778
0.0216667 0.308333
0.0222222 0.307778
0.0227778 0.308333
0.0233333 0.308889
0.0238889 0.308333
0.0244444 0.307778
0.025 0.307222
0.0255556 0.306667
0.0261111 0.306111
0.0266667 0.305556
0.0272222 0.305
0.0277778 0.304444
0.0283333 0.305
0.0288889 0.305556
0.0294444 0.306111
0.03 0.306667
0.0305556 0.306111
0.0311111 0.306667
0.0316667 0.306111
0.0322222 0.306667
0.0327778 0.307222
0.0333333 0.307778
0.0338889 0.307222
0.0344444 0.307778
0.035 0.308333
0.0355556 0.307778
0.0361111 0.307222
0.0366667 0.306667
0.0372222 0.307222
0.0377778 0.306667
0.0383333 0.307222
0.0388889 0.306667
0.0394444 0.306111
0.04 0.305556
0.0405556 0.306111
0.0411111 0.305556
0.0416667 0.305
0.0422222 0.305556
0.0427778 0.306111
0.0433333 0.306667
0.0438889 0.307222
0.0444444 0.307778
0.045 0.307222
0.0455556 0.306667
0.0461111 0.307222
0.0466667 0.307778
0.0472222 0.308333
0.0477778 0.308889
0.0483333 0.309444
0.0488889 0.31
0.0494444 0.309444
0.05 0.308889
0.0505556 0.308333
0.0511111 0.308889
0.0516667 0.308333
0.0522222 0.308889
0.0527778 0.309444
0.0533333 0.31
0.0538889 0.310556
0.0544444 0.31
0.055 0.309444
0.0555556 0.308889
0.0561111 0.308333
0.0566667 0.308889
0.0572222 0.308333
0.0577778 0.307778
0.0583333 0.307222
0.0588889 0.306667
0.0594444 0.307222
0.06 0.307778
0.0605556 0.308333
0.0611111 0.307778
0.0616667 0.308333
0.0622222 0.308889
0.0627778 0.308333
0.0633333 0.307778
0.0638889 0.307222
0.0644444 0.307778
0.065 0.307222
0.0655556 0.307778
0.0661111 0.308333
0.0666667 0.307778
0.0672222 0.307222
0.0677778 0.307778
0.0683333 0.308333
0.0688889 0.307778
0.0694444 0.307222
0.07 0.307778
0.0705556 0.307222
0.0711111 0.307778
0.0716667 0.308333
0.0722222 0.308889
0.0727778 0.309444
0.0733333 0.31
0.0738889 0.310556
0.0744444 0.31
0.075 0.309444
0.0755556 0.31
0.0761111 0.310556
0.0766667 0.311111
0.0772222 0.311667
0.0777778 0.312222
0.0783333 0.312778
0.0788889 0.313333
0.0794444 0.313889
0.08 0.314444
0.0805556 0.313889
0.0811111 0.314444
0.0816667 0.313889
0.0822222 0.314444
0.0827778 0.313889
0.0833333 0.314444
0.0838889 0.313889
0.0844444 0.313333
0.085 0.312778
0.0855556 0.312222
0.0861111 0.311667
0.0866667 0.311111
0.0872222 0.310556
0.0877778 0.311111
0.0883333 0.311667
0.0888889 0.312222
0.0894444 0.311667
0.09 0.311111
0.0905556 0.311667
0.0911111 0.311111
0.0916667 0.311667
0.0922222 0.311111
0.0927778 0.311667
0.0933333 0.311111
0.0938889 0.310556
0.0944444 0.311111
0.095 0.310556
0.0955556 0.311111
0.0961111 0.311667
0.0966667 0.312222
0.0972222 0.312778
0.0977778 0.312222
0.0983333 0.312778
0.0988889 0.313333
0.0994444 0.312778
0.1 0.312222
0.100556 0.312778
0.101111 0.312222
0.101667 0.312778
0.102222 0.313333
0.102778 0.313889
0.103333 0.314444
0.103889 0.315
0.104444 0.315556
0.105 0.316111
0.105556 0.316667
0.106111 0.316111
0.106667 0.315556
0.107222 0.315
0.107778 0.314444
0.108333 0.315
0.108889 0.315556
0.109444 0.315
0.11 0.315556
0.110556 0.316111
0.111111 0.315556
0.111667 0.315
0.112222 0.314444
0.112778 0.315
0.113333 0.315556
0.113889 0.316111
0.114444 0.315556
0.115 0.316111
0.115556 0.316667
0.116111 0.317222
0.116667 0.317778
0.117222 0.318333
0.117778 0.317778
0.118333 0.317222
0.118889 0.317778
0.119444 0.318333
0.12 0.318889
0.120556 0.318333
0.121111 0.318889
0.121667 0.319444
0.122222 0.318889
0.122778 0.319444
0.123333 0.318889
0.123889 0.319444
0.124444 0.318889
0.125 0.319444
0.125556 0.32
0.126111 0.320556
0.126667 0.32
0.127222 0.319444
0.127778 0.32
0.128333 0.319444
0.128889 0.32
0.129444 0.319444
0.13 0.32
0.130556 0.319444
0.131111 0.32
0.131667 0.319444
0.132222 0.32
0.132778 0.320556
0.133333 0.321111
0.133889 0.320556
0.134444 0.321111
0.135 0.321667
0.135556 0.322222
0.136111 0.321667
0.136667 0.322222
0.137222 0.322778
0.137778 0.323333
0.138333 0.323889
0.138889 0.323333
0.139444 0.322778
0.14 0.322222
0.140556 0.322778
0.141111 0.323333
0.141667 0.322778
0.142222 0.322222
0.142778 0.322778
0.143333 0.323333
0.143889 0.323889
0.144444 0.323333
0.145 0.323889
0.145556 0.323333
0.146111 0.323889
0.146667 0.323333
0.147222 0.323889
0.147778 0.324444
0.148333 0.323889
0.148889 0.324444
0.149444 0.325
0.15 0.325556
0.150556 0.326111
0.151111 0.325556
0.151667 0.325
0.152222 0.325556
0.152778 0.326111
0.153333 0.326667
0.153889 0.327222
0.154444 0.326667
0.155 0.326111
0.155556 0.326667
0.156111 0.326111
0.156667 0.326667
0.157222 0.327222
0.157778 0.327778
0.158333 0.328333
0.158889 0.328889
0.159444 0.329444
0.16 0.33
0.160556 0.330556
0.161111 0.331111
0.161667 0.330556
0.162222 0.331111
0.162778 0.331667
0.163333 0.332222
0.163889 0.331667
0.164444 0.331111
0.165 0.331667
0.165556 0.332222
0.166111 0.332778
0.166667 0.332222
0.167222 0.331667
0.167778 0.331111
0.168333 0.330556
0.168889 0.33
0.169444 0.329444
0.17 0.33
0.170556 0.330556
0.171111 0.331111
0.171667 0.331667
0.172222 0.332222
0.172778 0.332778
0.173333 0.332222
0.173889 0.331667
0.174444 0.331111
0.175 0.330556
0.175556 0.331111
0.176111 0.330556
0.176667 0.331111
0.177222 0.331667
0.177778 0.331111
0.178333 0.331667
0.178889 0.332222
0.179444 0.332778
0.18 0.333333
0.180556 0.333889
0.181111 0.334444
0.181667 0.333889
0.182222 0.333333
0.182778 0.332778
0.183333 0.332222
0.183889 0.332778
0.184444 0.332222
0.185 0.332778
0.185556 0.333333
0.186111 0.333889
0.186667 0.334444
0.187222 0.335
0.187778 0.335556
0.188333 0.336111
0.188889 0.336667
0.189444 0.337222
0.19 0.336667
0.190556 0.337222
0.191111 0.337778
0.191667 0.337222
0.192222 0.336667
0.192778 0.336111
0.193333 0.336667
0.193889 0.337222
0.194444 0.337778
0.195 0.337222
0.195556 0.336667
0.196111 0.336111
0.196667 0.335556
0.197222 0.336111
0.197778 0.335556
0.198333 0.335
0.198889 0.334444
0.199444 0.335
0.2 0.335556
0.200556 0.335
0.201111 0.335556
0.201667 0.336111
0.202222 0.336667
0.202778 0.337222
0.203333 0.337778
0.203889 0.338333
0.204444 0.338889
0.205 0.339444
0.205556 0.34
0.206111 0.340556
0.206667 0.341111
0.207222 0.340556
0.207778 0.34
0.208333 0.340556
0.208889 0.34
0.209444 0.340556
0.21 0.341111
0.210556 0.341667
0.211111 0.341111
0.211667 0.341667
0.212222 0.342222
0.212778 0.342778
0.213333 0.343333
0.213889 0.343889
0.214444 0.343333
0.215 0.343889
0.215556 0.344444
0.216111 0.345
0.216667 0.344444
0.217222 0.345
0.217778 0.345556
0.218333 0.346111
0.218889 0.346667
0.219444 0.347222
0.22 0.347778
0.220556 0.348333
0.221111 0.347778
0.221667 0.347222
0.222222 0.347778
0.222778 0.347222
0.223333 0.347778
0.223889 0.348333
0.224444 0.348889
0.225 0.349444
0.225556 0.348889
0.226111 0.348333
0.226667 0.348889
0.227222 0.348333
0.227778 0.348889
0.228333 0.349444
0.228889 0.35
0.229444 0.350556
0.23 0.351111
0.230556 0.350556
0.231111 0.35
0.231667 0.349444
0.232222 0.348889
0.232778 0.348333
0.233333 0.348889
0.233889 0.349444
0.234444 0.35
0.235 0.350556
0.235556 0.351111
0.236111 0.351667
0.236667 0.352222
0.237222 0.351667
0.237778 0.352222
0.238333 0.352778
0.238889 0.353333
0.239444 0.353889
0.24 0.354444
0.240556 0.353889
0.241111 0.354444
0.241667 0.353889
0.242222 0.354444
0.242778 0.353889
0.243333 0.354444
0.243889 0.355
0.244444 0.355556
0.245 0.356111
0.245556 0.355556
0.246111 0.355
0.246667 0.355556
0.247222 0.355
0.247778 0.355556
0.248333 0.356111
0.248889 0.356667
0.249444 0.356111
0.25 0.356667
0.250556 0.356111
0.251111 0.356667
0.251667 0.357222
0.252222 0.357778
0.252778 0.358333
0.253333 0.358889
0.253889 0.359444
0.254444 0.36
0.255 0.360556
0.255556 0.36
0.256111 0.359444
0.256667 0.36
0.257222 0.360556
0.257778 0.361111
0.258333 0.361667
0.258889 0.361111
0.259444 0.361667
0.26 0.361111
0.260556 0.361667
0.261111 0.361111
0.261667 0.361667
0.262222 0.362222
0.262778 0.362778
0.263333 0.363333
0.263889 0.362778
0.264444 0.363333
0.265 0.363889
0.265556 0.364444
0.266111 0.365
0.266667 0.365556
0.267222 0.366111
0.267778 0.365556
0.268333 0.366111
0.268889 0.366667
0.269444 0.367222
0.27 0.366667
0.270556 0.366111
0.271111 0.366667
0.271667 0.366111
0.272222 0.365556
0.272778 0.366111
0.273333 0.366667
0.273889 0.366111
0.274444 0.366667
0.275 0.367222
0.275556 0.367778
0.276111 0.367222
0.276667 0.367778
0.277222 0.367222
0.277778 0.367778
0.278333 0.368333
0.278889 0.368889
0.279444 0.369444
0.28 0.368889
0.280556 0.369444
0.281111 0.368889
0.281667 0.368333
0.282222 0.368889
0.282778 0.369444
0.283333 0.37
0.283889 0.370556
0.284444 0.37
0.285 0.370556
0.285556 0.371111
0.286111 0.371667
0.286667 0.372222
0.287222 0.372778
0.287778 0.373333
0.288333 0.373889
0.288889 0.374444
0.289444 0.373889
0.29 0.374444
0.290556 0.373889
0.291111 0.374444
0.291667 0.375
0.292222 0.375556
0.292778 0.376111
0.293333 0.376667
0.293889 0.376111
0.294444 0.375556
0.295 0.376111
0.295556 0.376667
0.296111 0.377222
0.296667 0.377778
0.297222 0.378333
0.297778 0.377778
0.298333 0.377222
0.298889 0.376667
0.299444 0.376111
0.3 0.376667
0.300556 0.377222
0.301111 0.377778
0.301667 0.378333
0.302222 0.378889
0.302778 0.379444
0.303333 0.38
0.303889 0.380556
0.304444 0.381111
0.305 0.380556
0.305556 0.38
0.306111 0.380556
0.306667 0.381111
0.307222 0.381667
0.307778 0.382222
0.308333 0.382778
0.308889 0.383333
0.309444 0.383889
0.31 0.384444
0.310556 0.385
0.311111 0.384444
0.311667 0.385
0.312222 0.385556
0.312778 0.386111
0.313333 0.386667
0.313889 0.387222
0.314444 0.387778
0.315 0.388333
0.315556 0.388889
0.316111 0.389444
0.316667 0.39
0.317222 0.390556
0.317778 0.391111
0.318333 0.391667
0.318889 0.392222
0.319444 0.392778
0.32 0.393333
0.320556 0.393889
0.321111 0.394444
0.321667 0.395
0.322222 0.395556
0.322778 0.396111
0.323333 0.396667
0.323889 0.397222
0.324444 0.397778
0.325 0.398333
0.325556 0.397778
0.326111 0.397222
0.326667 0.397778
0.327222 0.398333
0.327778 0.398889
0.328333 0.399444
0.328889 0.4
0.329444 0.399444
0.33 0.4
0.330556 0.400556
0.331111 0.401111
0.331667 0.401667
0.332222 0.402222
0.332778 0.402778
0.333333 0.403333
0.333889 0.403889
0.334444 0.404444
0.335 0.403889
0.335556 0.404444
0.336111 0.405
0.336667 0.405556
0.337222 0.406111
0.337778 0.405556
0.338333 0.406111
0.338889 0.406667
0.339444 0.407222
0.34 0.406667
0.340556 0.407222
0.341111 0.407778
0.341667 0.408333
0.342222 0.408889
0.342778 0.408333
0.343333 0.408889
0.343889 0.409444
0.344444 0.41
0.345 0.409444
0.345556 0.408889
0.346111 0.409444
0.346667 0.41
0.347222 0.410556
0.347778 0.411111
0.348333 0.410556
0.348889 0.411111
0.349444 0.411667
0.35 0.412222
0.350556 0.412778
0.351111 0.413333
0.351667 0.412778
0.352222 0.413333
0.352778 0.413889
0.353333 0.414444
0.353889 0.415
0.354444 0.415556
0.355 0.416111
0.355556 0.416667
0.356111 0.417222
0.356667 0.417778
0.357222 0.417222
0.357778 0.416667
0.358333 0.417222
0.358889 0.417778
0.359444 0.418333
0.36 0.418889
0.360556 0.419444
0.361111 0.42
0.361667 0.419444
0.362222 0.42
0.362778 0.419444
0.363333 0.418889
0.363889 0.418333
0.364444 0.418889
0.365 0.419444
0.365556 0.42
0.366111 0.420556
0.366667 0.421111
0.367222 0.421667
0.367778 0.422222
0.368333 0.422778
0.368889 0.423333
0.369444 0.423889
0.37 0.423333
0.370556 0.423889
0.371111 0.424444
0.371667 0.425
0.372222 0.425556
0.372778 0.426111
0.373333 0.425556
0.373889 0.426111
0.374444 0.426667
0.375 0.427222
0.375556 0.426667
0.376111 0.426111
0.376667 0.426667
0.377222 0.426111
0.377778 0.426667
0.378333 0.426111
0.378889 0.425556
0.379444 0.426111
0.38 0.426667
0.380556 0.426111
0.381111 0.426667
0.381667 0.427222
0.382222 0.426667
0.382778 0.427222
0.383333 0.427778
0.383889 0.428333
0.384444 0.428889
0.385 0.428333
0.385556 0.428889
0.386111 0.429444
0.386667 0.43
0.387222 0.430556
0.387778 0.431111
0.388333 0.431667
0.388889 0.432222
0.389444 0.432778
0.39 0.433333
0.390556 0.433889
0.391111 0.434444
0.391667 0.435
0.392222 0.435556
0.392778 0.436111
0.393333 0.436667
0.393889 0.437222
0.394444 0.437778
0.395 0.438333
0.395556 0.437778
0.396111 0.437222
0.396667 0.437778
0.397222 0.438333
0.397778 0.437778
0.398333 0.437222
0.398889 0.437778
0.399444 0.438333
0.4 0.438889
0.400556 0.438333
0.401111 0.438889
0.401667 0.439444
0.402222 0.44
0.402778 0.440556
0.403333 0.441111
0.403889 0.441667
0.404444 0.442222
0.405 0.442778
0.405556 0.442222
0.406111 0.442778
0.406667 0.443333
0.407222 0.442778
0.407778 0.442222
0.408333 0.442778
0.408889 0.443333
0.409444 0.443889
0.41 0.444444
0.410556 0.445
0.411111 0.445556
0.411667 0.446111
0.412222 0.446667
0.412778 0.447222
0.413333 0.447778
0.413889 0.448333
0.414444 0.448889
0.415 0.449444
0.415556 0.45
0.416111 0.450556
0.416667 0.451111
0.417222 0.450556
0.417778 0.45
0.418333 0.450556
0.418889 0.451111
0.419444 0.451667
0.42 0.451111
0.420556 0.451667
0.421111 0.452222
0.421667 0.452778
0.422222 0.452222
0.422778 0.452778
0.423333 0.453333
0.423889 0.452778
0.424444 0.453333
0.425 0.453889
0.425556 0.454444
0.426111 0.455
0.426667 0.455556
0.427222 0.456111
0.427778 0.456667
0.428333 0.457222
0.428889 0.457778
0.429444 0.458333
0.43 0.458889
0.430556 0.459444
0.431111 0.46
0.431667 0.460556
0.432222 0.46
0.432778 0.460556
0.433333 0.461111
0.433889 0.461667
0.434444 0.462222
0.435 0.462778
0.435556 0.463333
0.436111 0.463889
0.436667 0.463333
0.437222 0.463889
0.437778 0.464444
0.438333 0.465
0.438889 0.465556
0.439444 0.466111
0.44 0.466667
0.440556 0.467222
0.441111 0.467778
0.441667 0.468333
0.442222 0.468889
0.442778 0.469444
0.443333 0.47
0.443889 0.470556
0.444444 0.471111
0.445 0.471667
0.445556 0.472222
0.446111 0.472778
0.446667 0.473333
0.447222 0.473889
0.447778 0.474444
0.448333 0.473889
0.448889 0.474444
0.449444 0.475
0.45 0.475556
0.450556 0.476111
0.451111 0.476667
0.451667 0.477222
0.452222 0.477778
0.452778 0.478333
0.453333 0.478889
0.453889 0.478333
0.454444 0.478889
0.455 0.478333
0.455556 0.478889
0.456111 0.478333
0.456667 0.477778
0.457222 0.478333
0.457778 0.478889
0.458333 0.479444
0.458889 0.48
0.459444 0.480556
0.46 0.481111
0.460556 0.481667
0.461111 0.482222
0.461667 0.482778
0.462222 0.483333
0.462778 0.483889
0.463333 0.484444
0.463889 0.485
0.464444 0.485556
0.465 0.486111
0.465556 0.486667
0.466111 0.487222
0.466667 0.487778
0.467222 0.488333
0.467778 0.488889
0.468333 0.489444
0.468889 0.49
0.469444 0.489444
0.47 0.49
0.470556 0.490556
0.471111 0.491111
0.471667 0.491667
0.472222 0.492222
0.472778 0.492778
0.473333 0.493333
0.473889 0.493889
0.474444 0.494444
0.475 0.495
0.475556 0.495556
0.476111 0.496111
0.476667 0.496667
0.477222 0.497222
0.477778 0.497778
0.478333 0.498333
0.478889 0.498889
0.479444 0.499444
0.48 0.5
0.480556 0.500556
0.481111 0.501111
0.481667 0.501667
0.482222 0.502222
0.482778 0.502778
0.483333 0.503333
0.483889 0.503889
0.484444 0.504444
0.485 0.505
0.485556 0.505556
0.486111 0.506111
0.486667 0.506667
0.487222 0.507222
0.487778 0.507778
0.488333 0.508333
0.488889 0.507778
0.489444 0.507222
0.49 0.506667
0.490556 0.507222
0.491111 0.507778
0.491667 0.508333
0.492222 0.508889
0.492778 0.509444
0.493333 0.51
0.493889 0.510556
0.494444 0.511111
0.495 0.511667
0.495556 0.512222
0.496111 0.511667
0.496667 0.512222
0.497222 0.512778
0.497778 0.513333
0.498333 0.513889
0.498889 0.514444
0.499444 0.515
0.5 0.515556
0.500556 0.516111
0.501111 0.516667
0.501667 0.517222
0.502222 0.517778
0.502778 0.518333
0.503333 0.518889
0.503889 0.519444
0.504444 0.52
0.505 0.520556
0.505556 0.521111
0.506111 0.521667
0.506667 0.522222
0.507222 0.522778
0.507778 0.523333
0.508333 0.523889
0.508889 0.524444
0.509444 0.525
0.51 0.525556
0.510556 0.526111
0.511111 0.526667
0.511667 0.527222
0.512222 0.527778
0.512778 0.528333
0.513333 0.528889
0.513889 0.529444
0.514444 0.53
0.515 0.530556
0.515556 0.531111
0.516111 0.531667
0.516667 0.532222
0.517222 0.532778
0.517778 0.533333
0.518333 0.533889
0.518889 0.534444
0.519444 0.533889
0.52 0.534444
0.520556 0.535
0.521111 0.535556
0.521667 0.536111
0.522222 0.536667
0.522778 0.537222
0.523333 0.537778
0.523889 0.538333
0.524444 0.537778
0.525 0.538333
0.525556 0.538889
0.526111 0.539444
0.526667 0.54
0.527222 0.540556
0.527778 0.541111
0.528333 0.541667
0.528889 0.542222
0.529444 0.542778
0.53 0.543333
0.530556 0.543889
0.531111 0.544444
0.531667 0.545
0.532222 0.545556
0.532778 0.546111
0.533333 0.546667
0.533889 0.547222
0.534444 0.547778
0.535 0.548333
0.535556 0.548889
0.536111 0.549444
0.536667 0.55
0.537222 0.550556
0.537778 0.551111
0.538333 0.551667
0.538889 0.552222
0.539444 0.552778
0.54 0.553333
0.540556 0.553889
0.541111 0.553333
0.541667 0.553889
0.542222 0.553333
0.542778 0.553889
0.543333 0.554444
0.543889 0.555
0.544444 0.555556
0.545 0.556111
0.545556 0.556667
0.546111 0.556111
0.546667 0.556667
0.547222 0.557222
0.547778 0.557778
0.548333 0.558333
0.548889 0.558889
0.549444 0.559444
0.55 0.56
0 0
0 0
0 0
0 0
0 0
0 0
0 0
0 0
0 0
