-2.5 2.5
-2.4975 2.4975
-2.495 2.495
-2.4925 2.4925
-2.49 2.49
-2.4875 2.4875
-2.485 2.485
-2.4825 2.4825
-2.48 2.48
-2.4775 2.4775
-2.475 2.475
-2.4725 2.4725
-2.47 2.47
-2.4675 2.4675
-2.465 2.465
-2.4625 2.4625
-2.46 2.46
-2.4575 2.4575
-2.455 2.455
-2.4525 2.4525
-2.45 2.45
-2.4475 2.4475
-2.445 2.445
-2.4425 2.4425
-2.44 2.44
-2.4375 2.4375
-2.435 2.435
-2.4325 2.4325
-2.43 2.43
-2.4275 2.4275
-2.425 2.425
-2.4225 2.4225
-2.42 2.42
-2.4175 2.4175
-2.415 2.415
-2.4125 2.4125
-2.41 2.41
-2.4075 2.4075
-2.405 2.405
-2.4025 2.4025
-2.4 2.4
-2.3975 2.3975
-2.395 2.395
-2.3925 2.3925
-2.39 2.39
-2.3875 2.3875
-2.385 2.385
-2.3825 2.3825
-2.38 2.38
-2.3775 2.3775
-2.375 2.375
-2.3725 2.3725
-2.37 2.37
-2.3675 2.3675
-2.365 2.365
-2.3625 2.3625
-2.36 2.36
-2.3575 2.3575
-2.355 2.355
-2.3525 2.3525
-2.35 2.35
-2.3475 2.3475
-2.345 2.345
-2.3425 2.3425
-2.34 2.34
-2.3375 2.3375
-2.335 2.335
-2.3325 2.3325
-2.33 2.33
-2.3275 2.3275
-2.325 2.325
-2.3225 2.3225
-2.32 2.32
-2.3175 2.3175
-2.315 2.315
-2.3125 2.3125
-2.31 2.31
-2.3075 2.3075
-2.305 2.305
-2.3025 2.3025
-2.3 2.3
-2.2975 2.2975
-2.295 2.295
-2.2925 2.2925
-2.29 2.29
-2.2875 2.2875
-2.285 2.285
-2.2825 2.2825
-2.28 2.28
-2.2775 2.2775
-2.275 2.275
-2.2725 2.2725
-2.27 2.27
-2.2675 2.2675
-2.265 2.265
-2.2625 2.2625
-2.26 2.26
-2.2575 2.2575
-2.255 2.255
-2.2525 2.2525
-2.25 2.25
-2.2475 2.2475
-2.245 2.245
-2.2425 2.2425
-2.24 2.24
-2.2375 2.2375
-2.235 2.235
-2.2325 2.2325
-2.23 2.23
-2.2275 2.2275
-2.225 2.225
-2.2225 2.2225
-2.22 2.22
-2.2175 2.2175
-2.215 2.215
-2.2125 2.2125
-2.21 2.21
-2.2075 2.2075
-2.205 2.205
-2.2025 2.2025
-2.2 2.2
-2.1975 2.1975
-2.195 2.195
-2.1925 2.1925
-2.19 2.19
-2.1875 2.1875
-2.185 2.185
-2.1825 2.1825
-2.18 2.18
-2.1775 2.1775
-2.175 2.175
-2.1725 2.1725
-2.17 2.17
-2.1675 2.1675
-2.165 2.165
-2.1625 2.1625
-2.16 2.16
-2.1575 2.1575
-2.155 2.155
-2.1525 2.1525
-2.15 2.15
-2.1475 2.1475
-2.145 2.145
-2.1425 2.1425
-2.14 2.14
-2.1375 2.1375
-2.135 2.135
-2.1325 2.1325
-2.13 2.13
-2.1275 2.1275
-2.125 2.125
-2.1225 2.1225
-2.12 2.12
-2.1175 2.1175
-2.115 2.115
-2.1125 2.1125
-2.11 2.11
-2.1075 2.1075
-2.105 2.105
-2.1025 2.1025
-2.1 2.1
-2.0975 2.0975
-2.095 2.095
-2.0925 2.0925
-2.09 2.09
-2.0875 2.0875
-2.085 2.085
-2.0825 2.0825
-2.08 2.08
-2.0775 2.0775
-2.075 2.075
-2.0725 2.0725
-2.07 2.07
-2.0675 2.0675
-2.065 2.065
-2.0625 2.0625
-2.06 2.06
-2.0575 2.0575
-2.055 2.055
-2.0525 2.0525
-2.05 2.05
-2.0475 2.0475
-2.045 2.045
-2.0425 2.0425
-2.04 2.04
-2.0375 2.0375
-2.035 2.035
-2.0325 2.0325
-2.03 2.03
-2.0275 2.0275
-2.025 2.025
-2.0225 2.0225
-2.02 2.02
-2.0175 2.0175
-2.015 2.015
-2.0125 2.0125
-2.01 2.01
-2.0075 2.0075
-2.005 2.005
-2.0025 2.0025
-2 2
-1.9975 1.9975
-1.995 1.995
-1.9925 1.9925
-1.99 1.99
-1.9875 1.9875
-1.985 1.985
-1.9825 1.9825
-1.98 1.98
-1.9775 1.9775
-1.975 1.975
-1.9725 1.9725
-1.97 1.97
-1.9675 1.9675
-1.965 1.965
-1.9625 1.9625
-1.96 1.96
-1.9575 1.9575
-1.955 1.955
-1.9525 1.9525
-1.95 1.95
-1.9475 1.9475
-1.945 1.945
-1.9425 1.9425
-1.94 1.94
-1.9375 1.9375
-1.935 1.935
-1.9325 1.9325
-1.93 1.93
-1.9275 1.9275
-1.925 1.925
-1.9225 1.9225
-1.92 1.92
-1.9175 1.9175
-1.915 1.915
-1.9125 1.9125
-1.91 1.91
-1.9075 1.9075
-1.905 1.905
-1.9025 1.9025
-1.9 1.9
-1.8975 1.8975
-1.895 1.895
-1.8925 1.8925
-1.89 1.89
-1.8875 1.8875
-1.885 1.885
-1.8825 1.8825
-1.88 1.88
-1.8775 1.8775
-1.875 1.875
-1.8725 1.8725
-1.87 1.87
-1.8675 1.8675
-1.865 1.865
-1.8625 1.8625
-1.86 1.86
-1.8575 1.8575
-1.855 1.855
-1.8525 1.8525
-1.85 1.85
-1.8475 1.8475
-1.845 1.845
-1.8425 1.8425
-1.84 1.84
-1.8375 1.8375
-1.835 1.835
-1.8325 1.8325
-1.83 1.83
-1.8275 1.8275
-1.825 1.825
-1.8225 1.8225
-1.82 1.82
-1.8175 1.8175
-1.815 1.815
-1.8125 1.8125
-1.81 1.81
-1.8075 1.8075
-1.805 1.805
-1.8025 1.8025
-1.8 1.8
-1.7975 1.7975
-1.795 1.795
-1.7925 1.7925
-1.79 1.79
-1.7875 1.7875
-1.785 1.785
-1.7825 1.7825
-1.78 1.78
-1.7775 1.7775
-1.775 1.775
-1.7725 1.7725
-1.77 1.77
-1.7675 1.7675
-1.765 1.765
-1.7625 1.7625
-1.76 1.76
-1.7575 1.7575
-1.755 1.755
-1.7525 1.7525
-1.75 1.75
-1.7475 1.7475
-1.745 1.745
-1.7425 1.7425
-1.74 1.74
-1.7375 1.7375
-1.735 1.735
-1.7325 1.7325
-1.73 1.73
-1.7275 1.7275
-1.725 1.725
-1.7225 1.7225
-1.72 1.72
-1.7175 1.7175
-1.715 1.715
-1.7125 1.7125
-1.71 1.71
-1.7075 1.7075
-1.705 1.705
-1.7025 1.7025
-1.7 1.7
-1.6975 1.6975
-1.695 1.695
-1.6925 1.6925
-1.69 1.69
-1.6875 1.6875
-1.685 1.685
-1.6825 1.6825
-1.68 1.68
-1.6775 1.6775
-1.675 1.675
-1.6725 1.6725
-1.67 1.67
-1.6675 1.6675
-1.665 1.665
-1.6625 1.6625
-1.66 1.66
-1.6575 1.6575
-1.655 1.655
-1.6525 1.6525
-1.65 1.65
-1.6475 1.6475
-1.645 1.645
-1.6425 1.6425
-1.64 1.64
-1.6375 1.6375
-1.635 1.635
-1.6325 1.6325
-1.63 1.63
-1.6275 1.6275
-1.625 1.625
-1.6225 1.6225
-1.62 1.62
-1.6175 1.6175
-1.615 1.615
-1.6125 1.6125
-1.61 1.61
-1.6075 1.6075
-1.605 1.605
-1.6025 1.6025
-1.6 1.6
-1.5975 1.5975
-1.595 1.595
-1.5925 1.5925
-1.59 1.59
-1.5875 1.5875
-1.585 1.585
-1.5825 1.5825
-1.58 1.58
-1.5775 1.5775
-1.575 1.575
-1.5725 1.5725
-1.57 1.57
-1.5675 1.5675
-1.565 1.565
-1.5625 1.5625
-1.56 1.56
-1.5575 1.5575
-1.555 1.555
-1.5525 1.5525
-1.55 1.55
-1.5475 1.5475
-1.545 1.545
-1.5425 1.5425
-1.54 1.54
-1.5375 1.5375
-1.535 1.535
-1.5325 1.5325
-1.53 1.53
-1.5275 1.5275
-1.525 1.525
-1.5225 1.5225
-1.52 1.52
-1.5175 1.5175
-1.515 1.515
-1.5125 1.5125
-1.51 1.51
-1.5075 1.5075
-1.505 1.505
-1.5025 1.5025
-1.5 1.5
-1.4975 1.4975
-1.495 1.495
-1.4925 1.4925
-1.49 1.49
-1.4875 1.4875
-1.485 1.485
-1.4825 1.4825
-1.48 1.48
-1.4775 1.4775
-1.475 1.475
-1.4725 1.4725
-1.47 1.47
-1.4675 1.4675
-1.465 1.465
-1.4625 1.4625
-1.46 1.46
-1.4575 1.4575
-1.455 1.455
-1.4525 1.4525
-1.45 1.45
-1.4475 1.4475
-1.445 1.445
-1.4425 1.4425
-1.44 1.44
-1.4375 1.4375
-1.435 1.435
-1.4325 1.4325
-1.43 1.43
-1.4275 1.4275
-1.425 1.425
-1.4225 1.4225
-1.42 1.42
-1.4175 1.4175
-1.415 1.415
-1.4125 1.4125
-1.41 1.41
-1.4075 1.4075
-1.405 1.405
-1.4025 1.4025
-1.4 1.4
-1.3975 1.3975
-1.395 1.395
-1.3925 1.3925
-1.39 1.39
-1.3875 1.3875
-1.385 1.385
-1.3825 1.3825
-1.38 1.38
-1.3775 1.3775
-1.375 1.375
-1.3725 1.3725
-1.37 1.37
-1.3675 1.3675
-1.365 1.365
-1.3625 1.3625
-1.36 1.36
-1.3575 1.3575
-1.355 1.355
-1.3525 1.3525
-1.35 1.35
-1.3475 1.3475
-1.345 1.345
-1.3425 1.3425
-1.34 1.34
-1.3375 1.3375
-1.335 1.335
-1.3325 1.3325
-1.33 1.33
-1.3275 1.3275
-1.325 1.325
-1.3225 1.3225
-1.32 1.32
-1.3175 1.3175
-1.315 1.315
-1.3125 1.3125
-1.31 1.31
-1.3075 1.3075
-1.305 1.305
-1.3025 1.3025
-1.3 1.3
-1.2975 1.2975
-1.295 1.295
-1.2925 1.2925
-1.29 1.29
-1.2875 1.2875
-1.285 1.285
-1.2825 1.2825
-1.28 1.28
-1.2775 1.2775
-1.275 1.275
-1.2725 1.2725
-1.27 1.27
-1.2675 1.2675
-1.265 1.265
-1.2625 1.2625
-1.26 1.26
-1.2575 1.2575
-1.255 1.255
-1.2525 1.2525
-1.25 1.25
-1.2475 1.2475
-1.245 1.245
-1.2425 1.2425
-1.24 1.24
-1.2375 1.2375
-1.235 1.235
-1.2325 1.2325
-1.23 1.23
-1.2275 1.2275
-1.225 1.225
-1.2225 1.2225
-1.22 1.22
-1.2175 1.2175
-1.215 1.215
-1.2125 1.2125
-1.21 1.21
-1.2075 1.2075
-1.205 1.205
-1.2025 1.2025
-1.2 1.2
-1.1975 1.1975
-1.195 1.195
-1.1925 1.1925
-1.19 1.19
-1.1875 1.1875
-1.185 1.185
-1.1825 1.1825
-1.18 1.18
-1.1775 1.1775
-1.175 1.175
-1.1725 1.1725
-1.17 1.17
-1.1675 1.1675
-1.165 1.165
-1.1625 1.1625
-1.16 1.16
-1.1575 1.1575
-1.155 1.155
-1.1525 1.1525
-1.15 1.15
-1.1475 1.1475
-1.145 1.145
-1.1425 1.1425
-1.14 1.14
-1.1375 1.1375
-1.135 1.135
-1.1325 1.1325
-1.13 1.13
-1.1275 1.1275
-1.125 1.125
-1.1225 1.1225
-1.12 1.12
-1.1175 1.1175
-1.115 1.115
-1.1125 1.1125
-1.11 1.11
-1.1075 1.1075
-1.105 1.105
-1.1025 1.1025
-1.1 1.1
-1.0975 1.0975
-1.095 1.095
-1.0925 1.0925
-1.09 1.09
-1.0875 1.0875
-1.085 1.085
-1.0825 1.0825
-1.08 1.08
-1.0775 1.0775
-1.075 1.075
-1.0725 1.0725
-1.07 1.07
-1.0675 1.0675
-1.065 1.065
-1.0625 1.0625
-1.06 1.06
-1.0575 1.0575
-1.055 1.055
-1.0525 1.0525
-1.05 1.05
-1.0475 1.0475
-1.045 1.045
-1.0425 1.0425
-1.04 1.04
-1.0375 1.0375
-1.035 1.035
-1.0325 1.0325
-1.03 1.03
-1.0275 1.0275
-1.025 1.025
-1.0225 1.0225
-1.02 1.02
-1.0175 1.0175
-1.015 1.015
-1.0125 1.0125
-1.01 1.01
-1.0075 1.0075
-1.005 1.005
-1.0025 1.0025
-1 1
-0.9975 0.9975
-0.995 0.995
-0.9925 0.9925
-0.99 0.99
-0.9875 0.9875
-0.985 0.985
-0.9825 0.9825
-0.98 0.98
-0.9775 0.9775
-0.975 0.975
-0.9725 0.9725
-0.97 0.97
-0.9675 0.9675
-0.965 0.965
-0.9625 0.9625
-0.96 0.96
-0.9575 0.9575
-0.955 0.955
-0.9525 0.9525
-0.95 0.95
-0.9475 0.9475
-0.945 0.945
-0.9425 0.9425
-0.94 0.94
-0.9375 0.9375
-0.935 0.935
-0.9325 0.9325
-0.93 0.93
-0.9275 0.9275
-0.925 0.925
-0.9225 0.9225
-0.92 0.92
-0.9175 0.9175
-0.915 0.915
-0.9125 0.9125
-0.91 0.91
-0.9075 0.9075
-0.905 0.905
-0.9025 0.9025
-0.9 0.9
-0.8975 0.8975
-0.895 0.895
-0.8925 0.8925
-0.89 0.89
-0.8875 0.8875
-0.885 0.885
-0.8825 0.8825
-0.88 0.88
-0.8775 0.8775
-0.875 0.875
-0.8725 0.8725
-0.87 0.87
-0.8675 0.8675
-0.865 0.865
-0.8625 0.8625
-0.86 0.86
-0.8575 0.8575
-0.855 0.855
-0.8525 0.8525
-0.85 0.85
-0.8475 0.8475
-0.845 0.845
-0.8425 0.8425
-0.84 0.84
-0.8375 0.8375
-0.835 0.835
-0.8325 0.8325
-0.83 0.83
-0.8275 0.8275
-0.825 0.825
-0.8225 0.8225
-0.82 0.82
-0.8175 0.8175
-0.815 0.815
-0.8125 0.8125
-0.81 0.81
-0.8075 0.8075
-0.805 0.805
-0.8025 0.8025
-0.8 0.8
-0.7975 0.7975
-0.795 0.795
-0.7925 0.7925
-0.79 0.79
-0.7875 0.7875
-0.785 0.785
-0.7825 0.7825
-0.78 0.78
-0.7775 0.7775
-0.775 0.775
-0.7725 0.7725
-0.77 0.77
-0.7675 0.7675
-0.765 0.765
-0.7625 0.7625
-0.76 0.76
-0.7575 0.7575
-0.755 0.755
-0.7525 0.7525
-0.75 0.75
-0.7475 0.7475
-0.745 0.745
-0.7425 0.7425
-0.74 0.74
-0.7375 0.7375
-0.735 0.735
-0.7325 0.7325
-0.73 0.73
-0.7275 0.7275
-0.725 0.725
-0.7225 0.7225
-0.72 0.72
-0.7175 0.7175
-0.715 0.715
-0.7125 0.7125
-0.71 0.71
-0.7075 0.7075
-0.705 0.705
-0.7025 0.7025
-0.7 0.7
-0.6975 0.6975
-0.695 0.695
-0.6925 0.6925
-0.69 0.69
-0.6875 0.6875
-0.685 0.685
-0.6825 0.6825
-0.68 0.68
-0.6775 0.6775
-0.675 0.675
-0.6725 0.6725
-0.67 0.67
-0.6675 0.6675
-0.665 0.665
-0.6625 0.6625
-0.66 0.66
-0.6575 0.6575
-0.655 0.655
-0.6525 0.6525
-0.65 0.65
-0.6475 0.6475
-0.645 0.645
-0.6425 0.6475
-0.64 0.645
-0.6375 0.6425
-0.635 0.64
-0.6325 0.6375
-0.63 0.635
-0.6275 0.6325
-0.625 0.63
-0.6225 0.6275
-0.62 0.625
-0.6175 0.6225
-0.615 0.62
-0.6125 0.6175
-0.61 0.615
-0.6075 0.6125
-0.605 0.61
-0.6025 0.6075
-0.6 0.605
-0.5975 0.6025
-0.595 0.6
-0.5925 0.5975
-0.59 0.595
-0.5875 0.5975
-0.585 0.6
-0.5825 0.5975
-0.58 0.595
-0.5775 0.5925
-0.575 0.59
-0.5725 0.5875
-0.57 0.585
-0.5675 0.5825
-0.565 0.58
-0.5625 0.5775
-0.56 0.575
-0.5575 0.5725
-0.555 0.57
-0.5525 0.5675
-0.55 0.565
-0.5475 0.5625
-0.545 0.56
-0.5425 0.5575
-0.54 0.555
-0.5375 0.5525
-0.535 0.55
-0.5325 0.5525
-0.53 0.55
-0.5275 0.5475
-0.525 0.545
-0.5225 0.5425
-0.52 0.54
-0.5175 0.5375
-0.515 0.535
-0.5125 0.5325
-0.51 0.53
-0.5075 0.5275
-0.505 0.525
-0.5025 0.5225
-0.5 0.52
-0.4975 0.5175
-0.495 0.515
-0.4925 0.5125
-0.49 0.51
-0.4875 0.5075
-0.485 0.51
-0.4825 0.5075
-0.48 0.51
-0.4775 0.5125
-0.475 0.51
-0.4725 0.5075
-0.47 0.505
-0.4675 0.5025
-0.465 0.5
-0.4625 0.5025
-0.46 0.5
-0.4575 0.4975
-0.455 0.495
-0.4525 0.4925
-0.45 0.495
-0.4475 0.4925
-0.445 0.49
-0.4425 0.4925
-0.44 0.495
-0.4375 0.4925
-0.435 0.49
-0.4325 0.4875
-0.43 0.485
-0.4275 0.4825
-0.425 0.485
-0.4225 0.4825
-0.42 0.48
-0.4175 0.4825
-0.415 0.48
-0.4125 0.4775
-0.41 0.475
-0.4075 0.4725
-0.405 0.47
-0.4025 0.4675
-0.4 0.465
-0.3975 0.4625
-0.395 0.46
-0.3925 0.4575
-0.39 0.455
-0.3875 0.4525
-0.385 0.455
-0.3825 0.4525
-0.38 0.45
-0.3775 0.4475
-0.375 0.445
-0.3725 0.4475
-0.37 0.445
-0.3675 0.4425
-0.365 0.44
-0.3625 0.4375
-0.36 0.44
-0.3575 0.4425
-0.355 0.445
-0.3525 0.4475
-0.35 0.445
-0.3475 0.4425
-0.345 0.44
-0.3425 0.4375
-0.34 0.435
-0.3375 0.4375
-0.335 0.435
-0.3325 0.4325
-0.33 0.43
-0.3275 0.4275
-0.325 0.425
-0.3225 0.4225
-0.32 0.42
-0.3175 0.4175
-0.315 0.42
-0.3125 0.4175
-0.31 0.415
-0.3075 0.4125
-0.305 0.41
-0.3025 0.4075
-0.3 0.405
-0.2975 0.4025
-0.295 0.4
-0.2925 0.3975
-0.29 0.395
-0.2875 0.3975
-0.285 0.4
-0.2825 0.3975
-0.28 0.395
-0.2775 0.3925
-0.275 0.39
-0.2725 0.3875
-0.27 0.385
-0.2675 0.3825
-0.265 0.385
-0.2625 0.3825
-0.26 0.38
-0.2575 0.3825
-0.255 0.385
-0.2525 0.3825
-0.25 0.38
-0.2475 0.3775
-0.245 0.375
-0.2425 0.3725
-0.24 0.37
-0.2375 0.3675
-0.235 0.37
-0.2325 0.3675
-0.23 0.37
-0.2275 0.3725
-0.225 0.375
-0.2225 0.3775
-0.22 0.375
-0.2175 0.3725
-0.215 0.375
-0.2125 0.3775
-0.21 0.375
-0.2075 0.3725
-0.205 0.37
-0.2025 0.3675
-0.2 0.365
-0.1975 0.3675
-0.195 0.365
-0.1925 0.3625
-0.19 0.36
-0.1875 0.3575
-0.185 0.355
-0.1825 0.3525
-0.18 0.35
-0.1775 0.3475
-0.175 0.35
-0.1725 0.3475
-0.17 0.345
-0.1675 0.3425
-0.165 0.345
-0.1625 0.3475
-0.16 0.345
-0.1575 0.3425
-0.155 0.34
-0.1525 0.3375
-0.15 0.335
-0.1475 0.3325
-0.145 0.33
-0.1425 0.3325
-0.14 0.33
-0.1375 0.3325
-0.135 0.335
-0.1325 0.3325
-0.13 0.335
-0.1275 0.3325
-0.125 0.33
-0.1225 0.3275
-0.12 0.33
-0.1175 0.3325
-0.115 0.33
-0.1125 0.3275
-0.11 0.325
-0.1075 0.3275
-0.105 0.33
-0.1025 0.3275
-0.1 0.325
-0.0975 0.3225
-0.095 0.32
-0.0925 0.3175
-0.09 0.315
-0.0875 0.3125
-0.085 0.31
-0.0825 0.3075
-0.08 0.305
-0.0775 0.3025
-0.075 0.305
-0.0725 0.3075
-0.07 0.31
-0.0675 0.3075
-0.065 0.31
-0.0625 0.3075
-0.06 0.305
-0.0575 0.3075
-0.055 0.31
-0.0525 0.3125
-0.05 0.31
-0.0475 0.3125
-0.045 0.31
-0.0425 0.3075
-0.04 0.31
-0.0375 0.3125
-0.035 0.315
-0.0325 0.3175
-0.03 0.32
-0.0275 0.3225
-0.025 0.32
-0.0225 0.3175
-0.02 0.315
-0.0175 0.3125
-0.015 0.31
-0.0125 0.3125
-0.01 0.315
-0.0075 0.3125
-0.005 0.31
-0.0025 0.3075
0 0.31
0.0025 0.3075
0.005 0.305
0.0075 0.3075
0.01 0.31
0.0125 0.3075
0.015 0.305
0.0175 0.3025
0.02 0.3
0.0225 0.3025
0.025 0.3
0.0275 0.3025
0.03 0.3
0.0325 0.3025
0.035 0.305
0.0375 0.3075
0.04 0.31
0.0425 0.3125
0.045 0.31
0.0475 0.3075
0.05 0.31
0.0525 0.3075
0.055 0.305
0.0575 0.3025
0.06 0.3
0.0625 0.3025
0.065 0.305
0.0675 0.3075
0.07 0.31
0.0725 0.3125
0.075 0.31
0.0775 0.3125
0.08 0.315
0.0825 0.3175
0.085 0.32
0.0875 0.3225
0.09 0.32
0.0925 0.3175
0.095 0.315
0.0975 0.3125
0.1 0.315
0.1025 0.3125
0.105 0.315
0.1075 0.3175
0.11 0.32
0.1125 0.3225
0.115 0.32
0.1175 0.3225
0.12 0.325
0.1225 0.3225
0.125 0.325
0.1275 0.3275
0.13 0.33
0.1325 0.3275
0.135 0.325
0.1375 0.3275
0.14 0.325
0.1425 0.3275
0.145 0.33
0.1475 0.3325
0.15 0.335
0.1525 0.3325
0.155 0.335
0.1575 0.3375
0.16 0.34
0.1625 0.3425
0.165 0.345
0.1675 0.3425
0.17 0.34
0.1725 0.3425
0.175 0.345
0.1775 0.3475
0.18 0.35
0.1825 0.3525
0.185 0.355
0.1875 0.3525
0.19 0.355
0.1925 0.3575
0.195 0.355
0.1975 0.3525
0.2 0.355
0.2025 0.3575
0.205 0.355
0.2075 0.3575
0.21 0.36
0.2125 0.3625
0.215 0.365
0.2175 0.3625
0.22 0.36
0.2225 0.3625
0.225 0.365
0.2275 0.3675
0.23 0.37
0.2325 0.3725
0.235 0.375
0.2375 0.3775
0.24 0.38
0.2425 0.3825
0.245 0.385
0.2475 0.3825
0.25 0.385
0.2525 0.3825
0.255 0.385
0.2575 0.3825
0.26 0.385
0.2625 0.3875
0.265 0.39
0.2675 0.3875
0.27 0.39
0.2725 0.3875
0.275 0.39
0.2775 0.3925
0.28 0.395
0.2825 0.3975
0.285 0.4
0.2875 0.3975
0.29 0.4
0.2925 0.4025
0.295 0.4
0.2975 0.4025
0.3 0.405
0.3025 0.4075
0.305 0.405
0.3075 0.4075
0.31 0.41
0.3125 0.4075
0.315 0.41
0.3175 0.4125
0.32 0.415
0.3225 0.4125
0.325 0.415
0.3275 0.4125
0.33 0.415
0.3325 0.4175
0.335 0.415
0.3375 0.4175
0.34 0.42
0.3425 0.4225
0.345 0.425
0.3475 0.4275
0.35 0.43
0.3525 0.4325
0.355 0.435
0.3575 0.4375
0.36 0.44
0.3625 0.4425
0.365 0.445
0.3675 0.4475
0.37 0.45
0.3725 0.4525
0.375 0.455
0.3775 0.4525
0.38 0.455
0.3825 0.4525
0.385 0.45
0.3875 0.4525
0.39 0.45
0.3925 0.4525
0.395 0.455
0.3975 0.4525
0.4 0.455
0.4025 0.4575
0.405 0.46
0.4075 0.4625
0.41 0.46
0.4125 0.4625
0.415 0.465
0.4175 0.4625
0.42 0.46
0.4225 0.4625
0.425 0.465
0.4275 0.4625
0.43 0.465
0.4325 0.4675
0.435 0.47
0.4375 0.4725
0.44 0.475
0.4425 0.4775
0.445 0.48
0.4475 0.4775
0.45 0.48
0.4525 0.4825
0.455 0.485
0.4575 0.4875
0.46 0.49
0.4625 0.4925
0.465 0.495
0.4675 0.4975
0.47 0.5
0.4725 0.5025
0.475 0.505
0.4775 0.5075
0.48 0.51
0.4825 0.5125
0.485 0.515
0.4875 0.5175
0.49 0.52
0.4925 0.5225
0.495 0.525
0.4975 0.5275
0.5 0.53
0.5025 0.5325
0.505 0.535
0.5075 0.5375
0.51 0.54
0.5125 0.5425
0.515 0.545
0.5175 0.5475
0.52 0.545
0.5225 0.5475
0.525 0.545
0.5275 0.5475
0.53 0.55
0.5325 0.5525
0.535 0.555
0.5375 0.5575
0.54 0.56
0.5425 0.5575
0.545 0.56
0.5475 0.5625
0.55 0.565
0.5525 0.5675
0.555 0.57
0.5575 0.5725
0.56 0.575
0.5625 0.5775
0.565 0.58
0.5675 0.5825
0.57 0.585
0.5725 0.5875
0.575 0.59
0.5775 0.5925
0.58 0.595
0.5825 0.5975
0.585 0.6
0.5875 0.6025
0.59 0.605
0.5925 0.6075
0.595 0.61
0.5975 0.6125
0.6 0.615
0.6025 0.6175
0.605 0.62
0.6075 0.6225
0.61 0.625
0.6125 0.6275
0.615 0.63
0.6175 0.6325
0.62 0.635
0.6225 0.6375
0.625 0.64
0.6275 0.6425
0.63 0.645
0.6325 0.6475
0.635 0.65
0.6375 0.6525
0.64 0.655
0.6425 0.6575
0.645 0.66
0.6475 0.6575
0.65 0.66
0.6525 0.6575
0.655 0.66
0.6575 0.6625
0.66 0.665
0.6625 0.6675
0.665 0.67
0.6675 0.6725
0.67 0.675
0.6725 0.6775
0.675 0.68
0.6775 0.6825
0.68 0.685
0.6825 0.6875
0.685 0.69
0.6875 0.6925
0.69 0.695
0.6925 0.6975
0.695 0.7
0.6975 0.7025
0.7 0.705
0.7025 0.7075
0.705 0.71
0.7075 0.7125
0.71 0.715
0.7125 0.7175
0.715 0.72
0.7175 0.7225
0.72 0.725
0.7225 0.7275
0.725 0.73
0.7275 0.7325
0.73 0.735
0.7325 0.7375
0.735 0.74
0.7375 0.7425
0.74 0.745
0.7425 0.7475
0.745 0.75
0.7475 0.7525
0.75 0.755
0.7525 0.7575
0.755 0.76
0.7575 0.7625
0.76 0.765
0.7625 0.7675
0.765 0.77
0.7675 0.7725
0.77 0.775
0.7725 0.7775
0.775 0.78
0.7775 0.7825
0.78 0.785
0.7825 0.7875
0.785 0.79
0.7875 0.7925
0.79 0.795
0.7925 0.7975
0.795 0.8
0.7975 0.8025
0.8 0.805
0.8025 0.8075
0.805 0.81
0.8075 0.8125
0.81 0.815
0.8125 0.8175
0.815 0.82
0.8175 0.8225
0.82 0.825
0.8225 0.8275
0.825 0.83
0.8275 0.8325
0.83 0.835
0.8325 0.8375
0.835 0.84
0.8375 0.8375
0.84 0.84
0.8425 0.8425
0.845 0.845
0.8475 0.8475
0.85 0.85
0.8525 0.8525
0.855 0.855
0.8575 0.8575
0.86 0.86
0.8625 0.8625
0.865 0.865
0.8675 0.8675
0.87 0.87
0.8725 0.8725
0.875 0.875
0.8775 0.8775
0.88 0.88
0.8825 0.8825
0.885 0.885
0.8875 0.8875
0.89 0.89
0.8925 0.8925
0.895 0.895
0.8975 0.8975
0.9 0.9
0.9025 0.9025
0.905 0.905
0.9075 0.9075
0.91 0.91
0.9125 0.9125
0.915 0.915
0.9175 0.9175
0.92 0.92
0.9225 0.9225
0.925 0.925
0.9275 0.9275
0.93 0.93
0.9325 0.9325
0.935 0.935
0.9375 0.9375
0.94 0.94
0.9425 0.9425
0.945 0.945
0.9475 0.9475
0.95 0.95
0.9525 0.9525
0.955 0.955
0.9575 0.9575
0.96 0.96
0.9625 0.9625
0.965 0.965
0.9675 0.9675
0.97 0.97
0.9725 0.9725
0.975 0.975
0.9775 0.9775
0.98 0.98
0.9825 0.9825
0.985 0.985
0.9875 0.9875
0.99 0.99
0.9925 0.9925
0.995 0.995
0.9975 0.9975
1 1
1.0025 1.0025
1.005 1.005
1.0075 1.0075
1.01 1.01
1.0125 1.0125
1.015 1.015
1.0175 1.0175
1.02 1.02
1.0225 1.0225
1.025 1.025
1.0275 1.0275
1.03 1.03
1.0325 1.0325
1.035 1.035
1.0375 1.0375
1.04 1.04
1.0425 1.0425
1.045 1.045
1.0475 1.0475
1.05 1.05
1.0525 1.0525
1.055 1.055
1.0575 1.0575
1.06 1.06
1.0625 1.0625
1.065 1.065
1.0675 1.0675
1.07 1.07
1.0725 1.0725
1.075 1.075
1.0775 1.0775
1.08 1.08
1.0825 1.0825
1.085 1.085
1.0875 1.0875
1.09 1.09
1.0925 1.0925
1.095 1.095
1.0975 1.0975
1.1 1.1
1.1025 1.1025
1.105 1.105
1.1075 1.1075
1.11 1.11
1.1125 1.1125
1.115 1.115
1.1175 1.1175
1.12 1.12
1.1225 1.1225
1.125 1.125
1.1275 1.1275
1.13 1.13
1.1325 1.1325
1.135 1.135
1.1375 1.1375
1.14 1.14
1.1425 1.1425
1.145 1.145
1.1475 1.1475
1.15 1.15
1.1525 1.1525
1.155 1.155
1.1575 1.1575
1.16 1.16
1.1625 1.1625
1.165 1.165
1.1675 1.1675
1.17 1.17
1.1725 1.1725
1.175 1.175
1.1775 1.1775
1.18 1.18
1.1825 1.1825
1.185 1.185
1.1875 1.1875
1.19 1.19
1.1925 1.1925
1.195 1.195
1.1975 1.1975
1.2 1.2
1.2025 1.2025
1.205 1.205
1.2075 1.2075
1.21 1.21
1.2125 1.2125
1.215 1.215
1.2175 1.2175
1.22 1.22
1.2225 1.2225
1.225 1.225
1.2275 1.2275
1.23 1.23
1.2325 1.2325
1.235 1.235
1.2375 1.2375
1.24 1.24
1.2425 1.2425
1.245 1.245
1.2475 1.2475
1.25 1.25
1.2525 1.2525
1.255 1.255
1.2575 1.2575
1.26 1.26
1.2625 1.2625
1.265 1.265
1.2675 1.2675
1.27 1.27
1.2725 1.2725
1.275 1.275
1.2775 1.2775
1.28 1.28
1.2825 1.2825
1.285 1.285
1.2875 1.2875
1.29 1.29
1.2925 1.2925
1.295 1.295
1.2975 1.2975
1.3 1.3
1.3025 1.3025
1.305 1.305
1.3075 1.3075
1.31 1.31
1.3125 1.3125
1.315 1.315
1.3175 1.3175
1.32 1.32
1.3225 1.3225
1.325 1.325
1.3275 1.3275
1.33 1.33
1.3325 1.3325
1.335 1.335
1.3375 1.3375
1.34 1.34
1.3425 1.3425
1.345 1.345
1.3475 1.3475
1.35 1.35
1.3525 1.3525
1.355 1.355
1.3575 1.3575
1.36 1.36
1.3625 1.3625
1.365 1.365
1.3675 1.3675
1.37 1.37
1.3725 1.3725
1.375 1.375
1.3775 1.3775
1.38 1.38
1.3825 1.3825
1.385 1.385
1.3875 1.3875
1.39 1.39
1.3925 1.3925
1.395 1.395
1.3975 1.3975
1.4 1.4
1.4025 1.4025
1.405 1.405
1.4075 1.4075
1.41 1.41
1.4125 1.4125
1.415 1.415
1.4175 1.4175
1.42 1.42
1.4225 1.4225
1.425 1.425
1.4275 1.4275
1.43 1.43
1.4325 1.4325
1.435 1.435
1.4375 1.4375
1.44 1.44
1.4425 1.4425
1.445 1.445
1.4475 1.4475
1.45 1.45
1.4525 1.4525
1.455 1.455
1.4575 1.4575
1.46 1.46
1.4625 1.4625
1.465 1.465
1.4675 1.4675
1.47 1.47
1.4725 1.4725
1.475 1.475
1.4775 1.4775
1.48 1.48
1.4825 1.4825
1.485 1.485
1.4875 1.4875
1.49 1.49
1.4925 1.4925
1.495 1.495
1.4975 1.4975
1.5 1.5
1.5025 1.5025
1.505 1.505
1.5075 1.5075
1.51 1.51
1.5125 1.5125
1.515 1.515
1.5175 1.5175
1.52 1.52
1.5225 1.5225
1.525 1.525
1.5275 1.5275
1.53 1.53
1.5325 1.5325
1.535 1.535
1.5375 1.5375
1.54 1.54
1.5425 1.5425
1.545 1.545
1.5475 1.5475
1.55 1.55
1.5525 1.5525
1.555 1.555
1.5575 1.5575
1.56 1.56
1.5625 1.5625
1.565 1.565
1.5675 1.5675
1.57 1.57
1.5725 1.5725
1.575 1.575
1.5775 1.5775
1.58 1.58
1.5825 1.5825
1.585 1.585
1.5875 1.5875
1.59 1.59
1.5925 1.5925
1.595 1.595
1.5975 1.5975
1.6 1.6
1.6025 1.6025
1.605 1.605
1.6075 1.6075
1.61 1.61
1.6125 1.6125
1.615 1.615
1.6175 1.6175
1.62 1.62
1.6225 1.6225
1.625 1.625
1.6275 1.6275
1.63 1.63
1.6325 1.6325
1.635 1.635
1.6375 1.6375
1.64 1.64
1.6425 1.6425
1.645 1.645
1.6475 1.6475
1.65 1.65
1.6525 1.6525
1.655 1.655
1.6575 1.6575
1.66 1.66
1.6625 1.6625
1.665 1.665
1.6675 1.6675
1.67 1.67
1.6725 1.6725
1.675 1.675
1.6775 1.6775
1.68 1.68
1.6825 1.6825
1.685 1.685
1.6875 1.6875
1.69 1.69
1.6925 1.6925
1.695 1.695
1.6975 1.6975
1.7 1.7
1.7025 1.7025
1.705 1.705
1.7075 1.7075
1.71 1.71
1.7125 1.7125
1.715 1.715
1.7175 1.7175
1.72 1.72
1.7225 1.7225
1.725 1.725
1.7275 1.7275
1.73 1.73
1.7325 1.7325
1.735 1.735
1.7375 1.7375
1.74 1.74
1.7425 1.7425
1.745 1.745
1.7475 1.7475
1.75 1.75
1.7525 1.7525
1.755 1.755
1.7575 1.7575
1.76 1.76
1.7625 1.7625
1.765 1.765
1.7675 1.7675
1.77 1.77
1.7725 1.7725
1.775 1.775
1.7775 1.7775
1.78 1.78
1.7825 1.7825
1.785 1.785
1.7875 1.7875
1.79 1.79
1.7925 1.7925
1.795 1.795
1.7975 1.7975
1.8 1.8
1.8025 1.8025
1.805 1.805
1.8075 1.8075
1.81 1.81
1.8125 1.8125
1.815 1.815
1.8175 1.8175
1.82 1.82
1.8225 1.8225
1.825 1.825
1.8275 1.8275
1.83 1.83
1.8325 1.8325
1.835 1.835
1.8375 1.8375
1.84 1.84
1.8425 1.8425
1.845 1.845
1.8475 1.8475
1.85 1.85
1.8525 1.8525
1.855 1.855
1.8575 1.8575
1.86 1.86
1.8625 1.8625
1.865 1.865
1.8675 1.8675
1.87 1.87
1.8725 1.8725
1.875 1.875
1.8775 1.8775
1.88 1.88
1.8825 1.8825
1.885 1.885
1.8875 1.8875
1.89 1.89
1.8925 1.8925
1.895 1.895
1.8975 1.8975
1.9 1.9
1.9025 1.9025
1.905 1.905
1.9075 1.9075
1.91 1.91
1.9125 1.9125
1.915 1.915
1.9175 1.9175
1.92 1.92
1.9225 1.9225
1.925 1.925
1.9275 1.9275
1.93 1.93
1.9325 1.9325
1.935 1.935
1.9375 1.9375
1.94 1.94
1.9425 1.9425
1.945 1.945
1.9475 1.9475
1.95 1.95
1.9525 1.9525
1.955 1.955
1.9575 1.9575
1.96 1.96
1.9625 1.9625
1.965 1.965
1.9675 1.9675
1.97 1.97
1.9725 1.9725
1.975 1.975
1.9775 1.9775
1.98 1.98
1.9825 1.9825
1.985 1.985
1.9875 1.9875
1.99 1.99
1.9925 1.9925
1.995 1.995
1.9975 1.9975
2 2
2.0025 2.0025
2.005 2.005
2.0075 2.0075
2.01 2.01
2.0125 2.0125
2.015 2.015
2.0175 2.0175
2.02 2.02
2.0225 2.0225
2.025 2.025
2.0275 2.0275
2.03 2.03
2.0325 2.0325
2.035 2.035
2.0375 2.0375
2.04 2.04
2.0425 2.0425
2.045 2.045
2.0475 2.0475
2.05 2.05
2.0525 2.0525
2.055 2.055
2.0575 2.0575
2.06 2.06
2.0625 2.0625
2.065 2.065
2.0675 2.0675
2.07 2.07
2.0725 2.0725
2.075 2.075
2.0775 2.0775
2.08 2.08
2.0825 2.0825
2.085 2.085
2.0875 2.0875
2.09 2.09
2.0925 2.0925
2.095 2.095
2.0975 2.0975
2.1 2.1
2.1025 2.1025
2.105 2.105
2.1075 2.1075
2.11 2.11
2.1125 2.1125
2.115 2.115
2.1175 2.1175
2.12 2.12
2.1225 2.1225
2.125 2.125
2.1275 2.1275
2.13 2.13
2.1325 2.1325
2.135 2.135
2.1375 2.1375
2.14 2.14
2.1425 2.1425
2.145 2.145
2.1475 2.1475
2.15 2.15
2.1525 2.1525
2.155 2.155
2.1575 2.1575
2.16 2.16
2.1625 2.1625
2.165 2.165
2.1675 2.1675
2.17 2.17
2.1725 2.1725
2.175 2.175
2.1775 2.1775
2.18 2.18
2.1825 2.1825
2.185 2.185
2.1875 2.1875
2.19 2.19
2.1925 2.1925
2.195 2.195
2.1975 2.1975
2.2 2.2
2.2025 2.2025
2.205 2.205
2.2075 2.2075
2.21 2.21
2.2125 2.2125
2.215 2.215
2.2175 2.2175
2.22 2.22
2.2225 2.2225
2.225 2.225
2.2275 2.2275
2.23 2.23
2.2325 2.2325
2.235 2.235
2.2375 2.2375
2.24 2.24
2.2425 2.2425
2.245 2.245
2.2475 2.2475
2.25 2.25
2.2525 2.2525
2.255 2.255
2.2575 2.2575
2.26 2.26
2.2625 2.2625
2.265 2.265
2.2675 2.2675
2.27 2.27
2.2725 2.2725
2.275 2.275
2.2775 2.2775
2.28 2.28
2.2825 2.2825
2.285 2.285
2.2875 2.2875
2.29 2.29
2.2925 2.2925
2.295 2.295
2.2975 2.2975
2.3 2.3
2.3025 2.3025
2.305 2.305
2.3075 2.3075
2.31 2.31
2.3125 2.3125
2.315 2.315
2.3175 2.3175
2.32 2.32
2.3225 2.3225
2.325 2.325
2.3275 2.3275
2.33 2.33
2.3325 2.3325
2.335 2.335
2.3375 2.3375
2.34 2.34
2.3425 2.3425
2.345 2.345
2.3475 2.3475
2.35 2.35
2.3525 2.3525
2.355 2.355
2.3575 2.3575
2.36 2.36
2.3625 2.3625
2.365 2.365
2.3675 2.3675
2.37 2.37
2.3725 2.3725
2.375 2.375
2.3775 2.3775
2.38 2.38
2.3825 2.3825
2.385 2.385
2.3875 2.3875
2.39 2.39
2.3925 2.3925
2.395 2.395
2.3975 2.3975
2.4 2.4
2.4025 2.4025
2.405 2.405
2.4075 2.4075
2.41 2.41
2.4125 2.4125
2.415 2.415
2.4175 2.4175
2.42 2.42
2.4225 2.4225
2.425 2.425
2.4275 2.4275
2.43 2.43
2.4325 2.4325
2.435 2.435
2.4375 2.4375
2.44 2.44
2.4425 2.4425
2.445 2.445
2.4475 2.4475
2.45 2.45
2.4525 2.4525
2.455 2.455
2.4575 2.4575
2.46 2.46
2.4625 2.4625
2.465 2.465
2.4675 2.4675
2.47 2.47
2.4725 2.4725
2.475 2.475
2.4775 2.4775
2.48 2.48
2.4825 2.4825
2.485 2.485
2.4875 2.4875
2.49 2.49
2.4925 2.4925
2.495 2.495
2.4975 2.4975
