-0.625 0.625
-0.624375 0.625625
-0.62375 0.62625
-0.623125 0.625625
-0.6225 0.625
-0.621875 0.624375
-0.62125 0.62375
-0.620625 0.623125
-0.62 0.6225
-0.619375 0.621875
-0.61875 0.62125
-0.618125 0.620625
-0.6175 0.62
-0.616875 0.619375
-0.61625 0.61875
-0.615625 0.618125
-0.615 0.6175
-0.614375 0.616875
-0.61375 0.61625
-0.613125 0.615625
-0.6125 0.615
-0.611875 0.614375
-0.61125 0.61375
-0.610625 0.613125
-0.61 0.6125
-0.609375 0.611875
-0.60875 0.61125
-0.608125 0.610625
-0.6075 0.61
-0.606875 0.609375
-0.60625 0.60875
-0.605625 0.609375
-0.605 0.60875
-0.604375 0.608125
-0.60375 0.6075
-0.603125 0.606875
-0.6025 0.60625
-0.601875 0.605625
-0.60125 0.605
-0.600625 0.604375
-0.6 0.60375
-0.599375 0.603125
-0.59875 0.6025
-0.598125 0.601875
-0.5975 0.60125
-0.596875 0.600625
-0.59625 0.6
-0.595625 0.599375
-0.595 0.59875
-0.594375 0.598125
-0.59375 0.5975
-0.593125 0.596875
-0.5925 0.59625
-0.591875 0.595625
-0.59125 0.595
-0.590625 0.594375
-0.59 0.59375
-0.589375 0.593125
-0.58875 0.5925
-0.588125 0.591875
-0.5875 0.59125
-0.586875 0.590625
-0.58625 0.59
-0.585625 0.589375
-0.585 0.58875
-0.584375 0.588125
-0.58375 0.5875
-0.583125 0.586875
-0.5825 0.58625
-0.581875 0.585625
-0.58125 0.585
-0.580625 0.585625
-0.58 0.585
-0.579375 0.584375
-0.57875 0.58375
-0.578125 0.583125
-0.5775 0.5825
-0.576875 0.581875
-0.57625 0.58125
-0.575625 0.580625
-0.575 0.58
-0.574375 0.579375
-0.57375 0.57875
-0.573125 0.578125
-0.5725 0.5775
-0.571875 0.576875
-0.57125 0.57625
-0.570625 0.575625
-0.57 0.575
-0.569375 0.574375
-0.56875 0.57375
-0.568125 0.573125
-0.5675 0.5725
-0.566875 0.571875
-0.56625 0.57125
-0.565625 0.571875
-0.565 0.57125
-0.564375 0.570625
-0.56375 0.57
-0.563125 0.569375
-0.5625 0.56875
-0.561875 0.568125
-0.56125 0.5675
-0.560625 0.566875
-0.56 0.56625
-0.559375 0.565625
-0.55875 0.565
-0.558125 0.564375
-0.5575 0.56375
-0.556875 0.563125
-0.55625 0.5625
-0.555625 0.561875
-0.555 0.56125
-0.554375 0.560625
-0.55375 0.56
-0.553125 0.559375
-0.5525 0.55875
-0.551875 0.558125
-0.55125 0.5575
-0.550625 0.556875
-0.55 0.55625
-0.549375 0.555625
-0.54875 0.555
-0.548125 0.554375
-0.5475 0.555
-0.546875 0.554375
-0.54625 0.55375
-0.545625 0.553125
-0.545 0.5525
-0.544375 0.551875
-0.54375 0.55125
-0.543125 0.550625
-0.5425 0.55
-0.541875 0.549375
-0.54125 0.54875
-0.540625 0.548125
-0.54 0.5475
-0.539375 0.546875
-0.53875 0.54625
-0.538125 0.545625
-0.5375 0.545
-0.536875 0.544375
-0.53625 0.54375
-0.535625 0.543125
-0.535 0.5425
-0.534375 0.541875
-0.53375 0.54125
-0.533125 0.540625
-0.5325 0.54
-0.531875 0.539375
-0.53125 0.53875
-0.530625 0.538125
-0.53 0.5375
-0.529375 0.536875
-0.52875 0.53625
-0.528125 0.535625
-0.5275 0.535
-0.526875 0.534375
-0.52625 0.53375
-0.525625 0.533125
-0.525 0.5325
-0.524375 0.531875
-0.52375 0.53125
-0.523125 0.530625
-0.5225 0.53
-0.521875 0.529375
-0.52125 0.52875
-0.520625 0.528125
-0.52 0.5275
-0.519375 0.526875
-0.51875 0.52625
-0.518125 0.525625
-0.5175 0.525
-0.516875 0.524375
-0.51625 0.52375
-0.515625 0.523125
-0.515 0.5225
-0.514375 0.523125
-0.51375 0.52375
-0.513125 0.523125
-0.5125 0.5225
-0.511875 0.521875
-0.51125 0.52125
-0.510625 0.520625
-0.51 0.52
-0.509375 0.519375
-0.50875 0.51875
-0.508125 0.518125
-0.5075 0.5175
-0.506875 0.516875
-0.50625 0.5175
-0.505625 0.516875
-0.505 0.51625
-0.504375 0.515625
-0.50375 0.515
-0.503125 0.514375
-0.5025 0.51375
-0.501875 0.513125
-0.50125 0.5125
-0.500625 0.511875
-0.5 0.51125
-0.499375 0.510625
-0.49875 0.51
-0.498125 0.510625
-0.4975 0.51125
-0.496875 0.510625
-0.49625 0.51
-0.495625 0.509375
-0.495 0.50875
-0.494375 0.508125
-0.49375 0.5075
-0.493125 0.506875
-0.4925 0.50625
-0.491875 0.505625
-0.49125 0.505
-0.490625 0.504375
-0.49 0.50375
-0.489375 0.503125
-0.48875 0.5025
-0.488125 0.501875
-0.4875 0.50125
-0.486875 0.500625
-0.48625 0.5
-0.485625 0.499375
-0.485 0.49875
-0.484375 0.498125
-0.48375 0.4975
-0.483125 0.496875
-0.4825 0.49625
-0.481875 0.495625
-0.48125 0.495
-0.480625 0.494375
-0.48 0.49375
-0.479375 0.493125
-0.47875 0.4925
-0.478125 0.491875
-0.4775 0.49125
-0.476875 0.490625
-0.47625 0.49
-0.475625 0.489375
-0.475 0.48875
-0.474375 0.488125
-0.47375 0.4875
-0.473125 0.486875
-0.4725 0.48625
-0.471875 0.485625
-0.47125 0.485
-0.470625 0.484375
-0.47 0.48375
-0.469375 0.483125
-0.46875 0.48375
-0.468125 0.484375
-0.4675 0.48375
-0.466875 0.483125
-0.46625 0.4825
-0.465625 0.483125
-0.465 0.4825
-0.464375 0.481875
-0.46375 0.48125
-0.463125 0.480625
-0.4625 0.48
-0.461875 0.479375
-0.46125 0.47875
-0.460625 0.478125
-0.46 0.4775
-0.459375 0.476875
-0.45875 0.47625
-0.458125 0.475625
-0.4575 0.47625
-0.456875 0.475625
-0.45625 0.475
-0.455625 0.474375
-0.455 0.47375
-0.454375 0.473125
-0.45375 0.47375
-0.453125 0.474375
-0.4525 0.47375
-0.451875 0.473125
-0.45125 0.4725
-0.450625 0.473125
-0.45 0.47375
-0.449375 0.473125
-0.44875 0.47375
-0.448125 0.473125
-0.4475 0.4725
-0.446875 0.471875
-0.44625 0.47125
-0.445625 0.470625
-0.445 0.47
-0.444375 0.469375
-0.44375 0.46875
-0.443125 0.468125
-0.4425 0.4675
-0.441875 0.466875
-0.44125 0.4675
-0.440625 0.466875
-0.44 0.46625
-0.439375 0.466875
-0.43875 0.46625
-0.438125 0.465625
-0.4375 0.465
-0.436875 0.464375
-0.43625 0.46375
-0.435625 0.463125
-0.435 0.4625
-0.434375 0.461875
-0.43375 0.46125
-0.433125 0.460625
-0.4325 0.46
-0.431875 0.459375
-0.43125 0.45875
-0.430625 0.458125
-0.43 0.4575
-0.429375 0.456875
-0.42875 0.45625
-0.428125 0.456875
-0.4275 0.4575
-0.426875 0.456875
-0.42625 0.45625
-0.425625 0.455625
-0.425 0.455
-0.424375 0.454375
-0.42375 0.45375
-0.423125 0.453125
-0.4225 0.4525
-0.421875 0.451875
-0.42125 0.45125
-0.420625 0.450625
-0.42 0.45
-0.419375 0.450625
-0.41875 0.45
-0.418125 0.450625
-0.4175 0.45
-0.416875 0.449375
-0.41625 0.44875
-0.415625 0.448125
-0.415 0.44875
-0.414375 0.448125
-0.41375 0.44875
-0.413125 0.448125
-0.4125 0.4475
-0.411875 0.448125
-0.41125 0.4475
-0.410625 0.446875
-0.41 0.44625
-0.409375 0.445625
-0.40875 0.445
-0.408125 0.444375
-0.4075 0.445
-0.406875 0.445625
-0.40625 0.445
-0.405625 0.444375
-0.405 0.44375
-0.404375 0.443125
-0.40375 0.4425
-0.403125 0.441875
-0.4025 0.44125
-0.401875 0.441875
-0.40125 0.44125
-0.400625 0.440625
-0.4 0.44
-0.399375 0.440625
-0.39875 0.44
-0.398125 0.439375
-0.3975 0.43875
-0.396875 0.438125
-0.39625 0.4375
-0.395625 0.436875
-0.395 0.43625
-0.394375 0.435625
-0.39375 0.435
-0.393125 0.434375
-0.3925 0.435
-0.391875 0.434375
-0.39125 0.43375
-0.390625 0.433125
-0.39 0.4325
-0.389375 0.431875
-0.38875 0.43125
-0.388125 0.430625
-0.3875 0.43
-0.386875 0.430625
-0.38625 0.43125
-0.385625 0.430625
-0.385 0.43
-0.384375 0.429375
-0.38375 0.42875
-0.383125 0.428125
-0.3825 0.42875
-0.381875 0.428125
-0.38125 0.42875
-0.380625 0.428125
-0.38 0.42875
-0.379375 0.429375
-0.37875 0.43
-0.378125 0.429375
-0.3775 0.42875
-0.376875 0.428125
-0.37625 0.4275
-0.375625 0.428125
-0.375 0.4275
-0.374375 0.426875
-0.37375 0.42625
-0.373125 0.426875
-0.3725 0.42625
-0.371875 0.426875
-0.37125 0.42625
-0.370625 0.425625
-0.37 0.425
-0.369375 0.424375
-0.36875 0.42375
-0.368125 0.424375
-0.3675 0.42375
-0.366875 0.423125
-0.36625 0.42375
-0.365625 0.423125
-0.365 0.4225
-0.364375 0.421875
-0.36375 0.42125
-0.363125 0.420625
-0.3625 0.42
-0.361875 0.419375
-0.36125 0.41875
-0.360625 0.418125
-0.36 0.41875
-0.359375 0.419375
-0.35875 0.41875
-0.358125 0.418125
-0.3575 0.4175
-0.356875 0.416875
-0.35625 0.41625
-0.355625 0.416875
-0.355 0.4175
-0.354375 0.416875
-0.35375 0.41625
-0.353125 0.415625
-0.3525 0.415
-0.351875 0.414375
-0.35125 0.41375
-0.350625 0.413125
-0.35 0.4125
-0.349375 0.411875
-0.34875 0.41125
-0.348125 0.410625
-0.3475 0.41
-0.346875 0.409375
-0.34625 0.40875
-0.345625 0.408125
-0.345 0.4075
-0.344375 0.406875
-0.34375 0.4075
-0.343125 0.406875
-0.3425 0.4075
-0.341875 0.406875
-0.34125 0.4075
-0.340625 0.406875
-0.34 0.40625
-0.339375 0.406875
-0.33875 0.40625
-0.338125 0.405625
-0.3375 0.40625
-0.336875 0.405625
-0.33625 0.405
-0.335625 0.404375
-0.335 0.40375
-0.334375 0.403125
-0.33375 0.4025
-0.333125 0.401875
-0.3325 0.40125
-0.331875 0.401875
-0.33125 0.40125
-0.330625 0.400625
-0.33 0.40125
-0.329375 0.400625
-0.32875 0.4
-0.328125 0.399375
-0.3275 0.39875
-0.326875 0.398125
-0.32625 0.3975
-0.325625 0.396875
-0.325 0.39625
-0.324375 0.395625
-0.32375 0.39625
-0.323125 0.395625
-0.3225 0.39625
-0.321875 0.395625
-0.32125 0.395
-0.320625 0.394375
-0.32 0.39375
-0.319375 0.393125
-0.31875 0.3925
-0.318125 0.391875
-0.3175 0.39125
-0.316875 0.390625
-0.31625 0.39
-0.315625 0.389375
-0.315 0.38875
-0.314375 0.388125
-0.31375 0.3875
-0.313125 0.388125
-0.3125 0.3875
-0.311875 0.388125
-0.31125 0.3875
-0.310625 0.386875
-0.31 0.38625
-0.309375 0.385625
-0.30875 0.38625
-0.308125 0.385625
-0.3075 0.38625
-0.306875 0.385625
-0.30625 0.38625
-0.305625 0.386875
-0.305 0.38625
-0.304375 0.385625
-0.30375 0.385
-0.303125 0.384375
-0.3025 0.38375
-0.301875 0.383125
-0.30125 0.3825
-0.300625 0.383125
-0.3 0.3825
-0.299375 0.381875
-0.29875 0.38125
-0.298125 0.380625
-0.2975 0.38
-0.296875 0.379375
-0.29625 0.37875
-0.295625 0.379375
-0.295 0.37875
-0.294375 0.378125
-0.29375 0.3775
-0.293125 0.378125
-0.2925 0.3775
-0.291875 0.378125
-0.29125 0.3775
-0.290625 0.378125
-0.29 0.37875
-0.289375 0.378125
-0.28875 0.3775
-0.288125 0.376875
-0.2875 0.3775
-0.286875 0.376875
-0.28625 0.37625
-0.285625 0.375625
-0.285 0.375
-0.284375 0.374375
-0.28375 0.375
-0.283125 0.374375
-0.2825 0.375
-0.281875 0.375625
-0.28125 0.375
-0.280625 0.374375
-0.28 0.37375
-0.279375 0.374375
-0.27875 0.375
-0.278125 0.375625
-0.2775 0.375
-0.276875 0.374375
-0.27625 0.37375
-0.275625 0.374375
-0.275 0.37375
-0.274375 0.374375
-0.27375 0.37375
-0.273125 0.373125
-0.2725 0.3725
-0.271875 0.373125
-0.27125 0.3725
-0.270625 0.373125
-0.27 0.37375
-0.269375 0.373125
-0.26875 0.37375
-0.268125 0.373125
-0.2675 0.37375
-0.266875 0.373125
-0.26625 0.3725
-0.265625 0.371875
-0.265 0.37125
-0.264375 0.370625
-0.26375 0.37
-0.263125 0.369375
-0.2625 0.36875
-0.261875 0.368125
-0.26125 0.3675
-0.260625 0.366875
-0.26 0.36625
-0.259375 0.365625
-0.25875 0.365
-0.258125 0.365625
-0.2575 0.365
-0.256875 0.364375
-0.25625 0.36375
-0.255625 0.363125
-0.255 0.3625
-0.254375 0.361875
-0.25375 0.36125
-0.253125 0.360625
-0.2525 0.36
-0.251875 0.359375
-0.25125 0.35875
-0.250625 0.359375
-0.25 0.36
-0.249375 0.360625
-0.24875 0.36125
-0.248125 0.360625
-0.2475 0.36125
-0.246875 0.360625
-0.24625 0.36125
-0.245625 0.360625
-0.245 0.36
-0.244375 0.359375
-0.24375 0.35875
-0.243125 0.358125
-0.2425 0.3575
-0.241875 0.356875
-0.24125 0.3575
-0.240625 0.356875
-0.24 0.35625
-0.239375 0.356875
-0.23875 0.3575
-0.238125 0.358125
-0.2375 0.35875
-0.236875 0.358125
-0.23625 0.3575
-0.235625 0.358125
-0.235 0.3575
-0.234375 0.358125
-0.23375 0.3575
-0.233125 0.358125
-0.2325 0.3575
-0.231875 0.356875
-0.23125 0.35625
-0.230625 0.356875
-0.23 0.35625
-0.229375 0.355625
-0.22875 0.355
-0.228125 0.354375
-0.2275 0.35375
-0.226875 0.353125
-0.22625 0.3525
-0.225625 0.351875
-0.225 0.3525
-0.224375 0.351875
-0.22375 0.35125
-0.223125 0.350625
-0.2225 0.35125
-0.221875 0.350625
-0.22125 0.35125
-0.220625 0.351875
-0.22 0.3525
-0.219375 0.351875
-0.21875 0.35125
-0.218125 0.350625
-0.2175 0.35
-0.216875 0.349375
-0.21625 0.35
-0.215625 0.349375
-0.215 0.34875
-0.214375 0.348125
-0.21375 0.34875
-0.213125 0.349375
-0.2125 0.34875
-0.211875 0.348125
-0.21125 0.34875
-0.210625 0.348125
-0.21 0.3475
-0.209375 0.346875
-0.20875 0.3475
-0.208125 0.346875
-0.2075 0.34625
-0.206875 0.346875
-0.20625 0.34625
-0.205625 0.346875
-0.205 0.3475
-0.204375 0.348125
-0.20375 0.3475
-0.203125 0.346875
-0.2025 0.34625
-0.201875 0.345625
-0.20125 0.345
-0.200625 0.344375
-0.2 0.34375
-0.199375 0.343125
-0.19875 0.3425
-0.198125 0.341875
-0.1975 0.34125
-0.196875 0.340625
-0.19625 0.34
-0.195625 0.339375
-0.195 0.34
-0.194375 0.339375
-0.19375 0.33875
-0.193125 0.338125
-0.1925 0.3375
-0.191875 0.336875
-0.19125 0.33625
-0.190625 0.335625
-0.19 0.335
-0.189375 0.335625
-0.18875 0.335
-0.188125 0.334375
-0.1875 0.33375
-0.186875 0.333125
-0.18625 0.3325
-0.185625 0.331875
-0.185 0.33125
-0.184375 0.330625
-0.18375 0.33
-0.183125 0.330625
-0.1825 0.33
-0.181875 0.329375
-0.18125 0.32875
-0.180625 0.328125
-0.18 0.3275
-0.179375 0.326875
-0.17875 0.32625
-0.178125 0.325625
-0.1775 0.325
-0.176875 0.324375
-0.17625 0.32375
-0.175625 0.324375
-0.175 0.32375
-0.174375 0.324375
-0.17375 0.32375
-0.173125 0.323125
-0.1725 0.32375
-0.171875 0.324375
-0.17125 0.32375
-0.170625 0.323125
-0.17 0.3225
-0.169375 0.323125
-0.16875 0.3225
-0.168125 0.321875
-0.1675 0.32125
-0.166875 0.321875
-0.16625 0.3225
-0.165625 0.321875
-0.165 0.32125
-0.164375 0.320625
-0.16375 0.32
-0.163125 0.319375
-0.1625 0.32
-0.161875 0.319375
-0.16125 0.31875
-0.160625 0.319375
-0.16 0.31875
-0.159375 0.319375
-0.15875 0.32
-0.158125 0.319375
-0.1575 0.32
-0.156875 0.319375
-0.15625 0.32
-0.155625 0.320625
-0.155 0.32125
-0.154375 0.320625
-0.15375 0.32
-0.153125 0.319375
-0.1525 0.31875
-0.151875 0.318125
-0.15125 0.3175
-0.150625 0.316875
-0.15 0.3175
-0.149375 0.316875
-0.14875 0.3175
-0.148125 0.316875
-0.1475 0.31625
-0.146875 0.316875
-0.14625 0.31625
-0.145625 0.316875
-0.145 0.31625
-0.144375 0.316875
-0.14375 0.31625
-0.143125 0.316875
-0.1425 0.3175
-0.141875 0.318125
-0.14125 0.3175
-0.140625 0.316875
-0.14 0.31625
-0.139375 0.316875
-0.13875 0.31625
-0.138125 0.315625
-0.1375 0.315
-0.136875 0.315625
-0.13625 0.315
-0.135625 0.314375
-0.135 0.315
-0.134375 0.314375
-0.13375 0.31375
-0.133125 0.313125
-0.1325 0.3125
-0.131875 0.311875
-0.13125 0.31125
-0.130625 0.310625
-0.13 0.31
-0.129375 0.309375
-0.12875 0.31
-0.128125 0.309375
-0.1275 0.30875
-0.126875 0.309375
-0.12625 0.30875
-0.125625 0.309375
-0.125 0.30875
-0.124375 0.308125
-0.12375 0.30875
-0.123125 0.309375
-0.1225 0.31
-0.121875 0.310625
-0.12125 0.31125
-0.120625 0.311875
-0.12 0.31125
-0.119375 0.310625
-0.11875 0.31125
-0.118125 0.310625
-0.1175 0.31
-0.116875 0.310625
-0.11625 0.31125
-0.115625 0.311875
-0.115 0.31125
-0.114375 0.311875
-0.11375 0.31125
-0.113125 0.310625
-0.1125 0.31
-0.111875 0.309375
-0.11125 0.31
-0.110625 0.310625
-0.11 0.31125
-0.109375 0.310625
-0.10875 0.31125
-0.108125 0.310625
-0.1075 0.31
-0.106875 0.309375
-0.10625 0.30875
-0.105625 0.308125
-0.105 0.30875
-0.104375 0.308125
-0.10375 0.3075
-0.103125 0.308125
-0.1025 0.30875
-0.101875 0.308125
-0.10125 0.30875
-0.100625 0.308125
-0.1 0.30875
-0.099375 0.309375
-0.09875 0.31
-0.098125 0.309375
-0.0975 0.31
-0.096875 0.310625
-0.09625 0.31
-0.095625 0.310625
-0.095 0.31125
-0.094375 0.310625
-0.09375 0.31
-0.093125 0.310625
-0.0925 0.31125
-0.091875 0.311875
-0.09125 0.3125
-0.090625 0.311875
-0.09 0.31125
-0.089375 0.311875
-0.08875 0.3125
-0.088125 0.313125
-0.0875 0.3125
-0.086875 0.313125
-0.08625 0.31375
-0.085625 0.314375
-0.085 0.31375
-0.084375 0.313125
-0.08375 0.31375
-0.083125 0.314375
-0.0825 0.31375
-0.081875 0.313125
-0.08125 0.3125
-0.080625 0.311875
-0.08 0.3125
-0.079375 0.311875
-0.07875 0.31125
-0.078125 0.310625
-0.0775 0.31
-0.076875 0.309375
-0.07625 0.31
-0.075625 0.309375
-0.075 0.30875
-0.074375 0.308125
-0.07375 0.3075
-0.073125 0.306875
-0.0725 0.30625
-0.071875 0.305625
-0.07125 0.30625
-0.070625 0.305625
-0.07 0.30625
-0.069375 0.305625
-0.06875 0.30625
-0.068125 0.306875
-0.0675 0.3075
-0.066875 0.306875
-0.06625 0.30625
-0.065625 0.305625
-0.065 0.305
-0.064375 0.305625
-0.06375 0.30625
-0.063125 0.305625
-0.0625 0.30625
-0.061875 0.306875
-0.06125 0.3075
-0.060625 0.306875
-0.06 0.3075
-0.059375 0.306875
-0.05875 0.3075
-0.058125 0.308125
-0.0575 0.3075
-0.056875 0.306875
-0.05625 0.30625
-0.055625 0.306875
-0.055 0.30625
-0.054375 0.305625
-0.05375 0.305
-0.053125 0.304375
-0.0525 0.30375
-0.051875 0.303125
-0.05125 0.3025
-0.050625 0.301875
-0.05 0.3025
-0.049375 0.301875
-0.04875 0.3025
-0.048125 0.301875
-0.0475 0.3025
-0.046875 0.301875
-0.04625 0.3025
-0.045625 0.303125
-0.045 0.30375
-0.044375 0.303125
-0.04375 0.30375
-0.043125 0.304375
-0.0425 0.30375
-0.041875 0.303125
-0.04125 0.30375
-0.040625 0.304375
-0.04 0.30375
-0.039375 0.304375
-0.03875 0.30375
-0.038125 0.304375
-0.0375 0.305
-0.036875 0.305625
-0.03625 0.30625
-0.035625 0.306875
-0.035 0.30625
-0.034375 0.305625
-0.03375 0.305
-0.033125 0.305625
-0.0325 0.30625
-0.031875 0.306875
-0.03125 0.30625
-0.030625 0.305625
-0.03 0.30625
-0.029375 0.306875
-0.02875 0.3075
-0.028125 0.308125
-0.0275 0.3075
-0.026875 0.306875
-0.02625 0.30625
-0.025625 0.306875
-0.025 0.30625
-0.024375 0.305625
-0.02375 0.305
-0.023125 0.305625
-0.0225 0.30625
-0.021875 0.306875
-0.02125 0.3075
-0.020625 0.306875
-0.02 0.3075
-0.019375 0.306875
-0.01875 0.30625
-0.018125 0.306875
-0.0175 0.3075
-0.016875 0.306875
-0.01625 0.30625
-0.015625 0.305625
-0.015 0.305
-0.014375 0.305625
-0.01375 0.305
-0.013125 0.304375
-0.0125 0.30375
-0.011875 0.303125
-0.01125 0.30375
-0.010625 0.304375
-0.01 0.30375
-0.009375 0.303125
-0.00875 0.3025
-0.008125 0.301875
-0.0075 0.30125
-0.006875 0.301875
-0.00625 0.3025
-0.005625 0.303125
-0.005 0.30375
-0.004375 0.303125
-0.00375 0.30375
-0.003125 0.304375
-0.0025 0.305
-0.001875 0.304375
-0.00125 0.30375
-0.000625 0.303125
0 0.30375
0.000625 0.303125
0.00125 0.30375
0.001875 0.303125
0.0025 0.3025
0.003125 0.303125
0.00375 0.3025
0.004375 0.303125
0.005 0.3025
0.005625 0.301875
0.00625 0.3025
0.006875 0.303125
0.0075 0.30375
0.008125 0.304375
0.00875 0.305
0.009375 0.304375
0.01 0.305
0.010625 0.304375
0.01125 0.30375
0.011875 0.304375
0.0125 0.305
0.013125 0.304375
0.01375 0.30375
0.014375 0.304375
0.015 0.30375
0.015625 0.303125
0.01625 0.3025
0.016875 0.301875
0.0175 0.30125
0.018125 0.301875
0.01875 0.30125
0.019375 0.300625
0.02 0.3
0.020625 0.299375
0.02125 0.29875
0.021875 0.299375
0.0225 0.3
0.023125 0.300625
0.02375 0.3
0.024375 0.300625
0.025 0.3
0.025625 0.300625
0.02625 0.30125
0.026875 0.301875
0.0275 0.3025
0.028125 0.303125
0.02875 0.30375
0.029375 0.304375
0.03 0.30375
0.030625 0.304375
0.03125 0.30375
0.031875 0.304375
0.0325 0.305
0.033125 0.304375
0.03375 0.30375
0.034375 0.304375
0.035 0.30375
0.035625 0.303125
0.03625 0.3025
0.036875 0.301875
0.0375 0.3025
0.038125 0.301875
0.03875 0.3025
0.039375 0.303125
0.04 0.3025
0.040625 0.303125
0.04125 0.3025
0.041875 0.301875
0.0425 0.30125
0.043125 0.300625
0.04375 0.3
0.044375 0.300625
0.045 0.3
0.045625 0.299375
0.04625 0.3
0.046875 0.300625
0.0475 0.3
0.048125 0.300625
0.04875 0.30125
0.049375 0.301875
0.05 0.3025
0.050625 0.301875
0.05125 0.30125
0.051875 0.301875
0.0525 0.3025
0.053125 0.301875
0.05375 0.3025
0.054375 0.301875
0.055 0.30125
0.055625 0.300625
0.05625 0.3
0.056875 0.299375
0.0575 0.3
0.058125 0.299375
0.05875 0.29875
0.059375 0.299375
0.06 0.3
0.060625 0.299375
0.06125 0.29875
0.061875 0.298125
0.0625 0.29875
0.063125 0.298125
0.06375 0.29875
0.064375 0.299375
0.065 0.29875
0.065625 0.298125
0.06625 0.29875
0.066875 0.298125
0.0675 0.29875
0.068125 0.299375
0.06875 0.3
0.069375 0.300625
0.07 0.30125
0.070625 0.301875
0.07125 0.3025
0.071875 0.303125
0.0725 0.30375
0.073125 0.303125
0.07375 0.3025
0.074375 0.303125
0.075 0.3025
0.075625 0.303125
0.07625 0.3025
0.076875 0.301875
0.0775 0.3025
0.078125 0.303125
0.07875 0.3025
0.079375 0.303125
0.08 0.3025
0.080625 0.303125
0.08125 0.30375
0.081875 0.304375
0.0825 0.305
0.083125 0.304375
0.08375 0.305
0.084375 0.304375
0.085 0.30375
0.085625 0.303125
0.08625 0.3025
0.086875 0.303125
0.0875 0.3025
0.088125 0.303125
0.08875 0.30375
0.089375 0.304375
0.09 0.305
0.090625 0.304375
0.09125 0.305
0.091875 0.304375
0.0925 0.305
0.093125 0.304375
0.09375 0.305
0.094375 0.305625
0.095 0.305
0.095625 0.305625
0.09625 0.30625
0.096875 0.306875
0.0975 0.30625
0.098125 0.305625
0.09875 0.305
0.099375 0.305625
0.1 0.30625
0.100625 0.305625
0.10125 0.30625
0.101875 0.306875
0.1025 0.3075
0.103125 0.306875
0.10375 0.3075
0.104375 0.306875
0.105 0.3075
0.105625 0.308125
0.10625 0.30875
0.106875 0.309375
0.1075 0.31
0.108125 0.310625
0.10875 0.31125
0.109375 0.311875
0.11 0.3125
0.110625 0.311875
0.11125 0.3125
0.111875 0.313125
0.1125 0.31375
0.113125 0.314375
0.11375 0.31375
0.114375 0.313125
0.115 0.3125
0.115625 0.313125
0.11625 0.3125
0.116875 0.313125
0.1175 0.31375
0.118125 0.314375
0.11875 0.315
0.119375 0.315625
0.12 0.31625
0.120625 0.315625
0.12125 0.315
0.121875 0.314375
0.1225 0.31375
0.123125 0.313125
0.12375 0.3125
0.124375 0.313125
0.125 0.3125
0.125625 0.313125
0.12625 0.31375
0.126875 0.314375
0.1275 0.31375
0.128125 0.314375
0.12875 0.315
0.129375 0.315625
0.13 0.315
0.130625 0.314375
0.13125 0.31375
0.131875 0.314375
0.1325 0.315
0.133125 0.315625
0.13375 0.31625
0.134375 0.315625
0.135 0.315
0.135625 0.315625
0.13625 0.31625
0.136875 0.315625
0.1375 0.315
0.138125 0.315625
0.13875 0.31625
0.139375 0.316875
0.14 0.3175
0.140625 0.318125
0.14125 0.31875
0.141875 0.319375
0.1425 0.32
0.143125 0.320625
0.14375 0.32125
0.144375 0.320625
0.145 0.32125
0.145625 0.321875
0.14625 0.3225
0.146875 0.323125
0.1475 0.32375
0.148125 0.323125
0.14875 0.3225
0.149375 0.321875
0.15 0.32125
0.150625 0.321875
0.15125 0.3225
0.151875 0.323125
0.1525 0.32375
0.153125 0.324375
0.15375 0.32375
0.154375 0.324375
0.155 0.32375
0.155625 0.323125
0.15625 0.32375
0.156875 0.324375
0.1575 0.325
0.158125 0.325625
0.15875 0.32625
0.159375 0.326875
0.16 0.32625
0.160625 0.326875
0.16125 0.3275
0.161875 0.328125
0.1625 0.32875
0.163125 0.329375
0.16375 0.32875
0.164375 0.328125
0.165 0.3275
0.165625 0.326875
0.16625 0.3275
0.166875 0.326875
0.1675 0.3275
0.168125 0.328125
0.16875 0.32875
0.169375 0.328125
0.17 0.32875
0.170625 0.329375
0.17125 0.33
0.171875 0.330625
0.1725 0.33
0.173125 0.330625
0.17375 0.33125
0.174375 0.330625
0.175 0.33
0.175625 0.329375
0.17625 0.33
0.176875 0.330625
0.1775 0.33125
0.178125 0.331875
0.17875 0.3325
0.179375 0.331875
0.18 0.33125
0.180625 0.330625
0.18125 0.33
0.181875 0.330625
0.1825 0.33125
0.183125 0.331875
0.18375 0.3325
0.184375 0.333125
0.185 0.33375
0.185625 0.334375
0.18625 0.335
0.186875 0.335625
0.1875 0.33625
0.188125 0.336875
0.18875 0.3375
0.189375 0.338125
0.19 0.33875
0.190625 0.338125
0.19125 0.3375
0.191875 0.336875
0.1925 0.3375
0.193125 0.336875
0.19375 0.33625
0.194375 0.335625
0.195 0.335
0.195625 0.334375
0.19625 0.335
0.196875 0.335625
0.1975 0.33625
0.198125 0.336875
0.19875 0.3375
0.199375 0.338125
0.2 0.33875
0.200625 0.338125
0.20125 0.33875
0.201875 0.339375
0.2025 0.34
0.203125 0.340625
0.20375 0.34125
0.204375 0.341875
0.205 0.34125
0.205625 0.340625
0.20625 0.34125
0.206875 0.340625
0.2075 0.34125
0.208125 0.340625
0.20875 0.34
0.209375 0.340625
0.21 0.34125
0.210625 0.341875
0.21125 0.3425
0.211875 0.343125
0.2125 0.3425
0.213125 0.343125
0.21375 0.3425
0.214375 0.341875
0.215 0.34125
0.215625 0.341875
0.21625 0.34125
0.216875 0.341875
0.2175 0.3425
0.218125 0.341875
0.21875 0.3425
0.219375 0.343125
0.22 0.34375
0.220625 0.344375
0.22125 0.345
0.221875 0.345625
0.2225 0.34625
0.223125 0.345625
0.22375 0.34625
0.224375 0.346875
0.225 0.3475
0.225625 0.348125
0.22625 0.3475
0.226875 0.348125
0.2275 0.34875
0.228125 0.349375
0.22875 0.35
0.229375 0.350625
0.23 0.35125
0.230625 0.351875
0.23125 0.3525
0.231875 0.351875
0.2325 0.3525
0.233125 0.353125
0.23375 0.35375
0.234375 0.354375
0.235 0.35375
0.235625 0.354375
0.23625 0.35375
0.236875 0.353125
0.2375 0.35375
0.238125 0.354375
0.23875 0.355
0.239375 0.354375
0.24 0.355
0.240625 0.355625
0.24125 0.355
0.241875 0.354375
0.2425 0.35375
0.243125 0.353125
0.24375 0.3525
0.244375 0.351875
0.245 0.3525
0.245625 0.351875
0.24625 0.3525
0.246875 0.351875
0.2475 0.35125
0.248125 0.351875
0.24875 0.3525
0.249375 0.351875
0.25 0.35125
0.250625 0.350625
0.25125 0.35
0.251875 0.350625
0.2525 0.35125
0.253125 0.351875
0.25375 0.3525
0.254375 0.353125
0.255 0.3525
0.255625 0.353125
0.25625 0.35375
0.256875 0.354375
0.2575 0.355
0.258125 0.355625
0.25875 0.35625
0.259375 0.356875
0.26 0.35625
0.260625 0.356875
0.26125 0.35625
0.261875 0.355625
0.2625 0.35625
0.263125 0.356875
0.26375 0.35625
0.264375 0.355625
0.265 0.35625
0.265625 0.356875
0.26625 0.35625
0.266875 0.356875
0.2675 0.35625
0.268125 0.356875
0.26875 0.3575
0.269375 0.358125
0.27 0.35875
0.270625 0.359375
0.27125 0.36
0.271875 0.360625
0.2725 0.36
0.273125 0.360625
0.27375 0.36125
0.274375 0.361875
0.275 0.3625
0.275625 0.363125
0.27625 0.36375
0.276875 0.363125
0.2775 0.36375
0.278125 0.364375
0.27875 0.365
0.279375 0.365625
0.28 0.36625
0.280625 0.366875
0.28125 0.36625
0.281875 0.366875
0.2825 0.3675
0.283125 0.368125
0.28375 0.36875
0.284375 0.369375
0.285 0.37
0.285625 0.370625
0.28625 0.37
0.286875 0.370625
0.2875 0.37125
0.288125 0.371875
0.28875 0.3725
0.289375 0.373125
0.29 0.37375
0.290625 0.374375
0.29125 0.375
0.291875 0.375625
0.2925 0.37625
0.293125 0.376875
0.29375 0.3775
0.294375 0.378125
0.295 0.37875
0.295625 0.379375
0.29625 0.38
0.296875 0.380625
0.2975 0.38125
0.298125 0.380625
0.29875 0.38
0.299375 0.380625
0.3 0.38125
0.300625 0.381875
0.30125 0.3825
0.301875 0.381875
0.3025 0.38125
0.303125 0.380625
0.30375 0.38
0.304375 0.380625
0.305 0.38125
0.305625 0.381875
0.30625 0.3825
0.306875 0.383125
0.3075 0.3825
0.308125 0.381875
0.30875 0.3825
0.309375 0.383125
0.31 0.3825
0.310625 0.383125
0.31125 0.38375
0.311875 0.383125
0.3125 0.38375
0.313125 0.383125
0.31375 0.38375
0.314375 0.384375
0.315 0.385
0.315625 0.384375
0.31625 0.38375
0.316875 0.384375
0.3175 0.385
0.318125 0.385625
0.31875 0.385
0.319375 0.384375
0.32 0.385
0.320625 0.385625
0.32125 0.38625
0.321875 0.386875
0.3225 0.3875
0.323125 0.388125
0.32375 0.38875
0.324375 0.389375
0.325 0.39
0.325625 0.390625
0.32625 0.39125
0.326875 0.391875
0.3275 0.3925
0.328125 0.393125
0.32875 0.39375
0.329375 0.394375
0.33 0.395
0.330625 0.394375
0.33125 0.395
0.331875 0.395625
0.3325 0.39625
0.333125 0.396875
0.33375 0.3975
0.334375 0.398125
0.335 0.39875
0.335625 0.399375
0.33625 0.39875
0.336875 0.399375
0.3375 0.4
0.338125 0.400625
0.33875 0.40125
0.339375 0.401875
0.34 0.4025
0.340625 0.401875
0.34125 0.4025
0.341875 0.403125
0.3425 0.40375
0.343125 0.404375
0.34375 0.405
0.344375 0.405625
0.345 0.405
0.345625 0.405625
0.34625 0.40625
0.346875 0.405625
0.3475 0.405
0.348125 0.405625
0.34875 0.405
0.349375 0.405625
0.35 0.40625
0.350625 0.406875
0.35125 0.4075
0.351875 0.408125
0.3525 0.40875
0.353125 0.409375
0.35375 0.41
0.354375 0.409375
0.355 0.41
0.355625 0.410625
0.35625 0.41125
0.356875 0.411875
0.3575 0.4125
0.358125 0.413125
0.35875 0.41375
0.359375 0.414375
0.36 0.415
0.360625 0.415625
0.36125 0.41625
0.361875 0.416875
0.3625 0.41625
0.363125 0.415625
0.36375 0.41625
0.364375 0.416875
0.365 0.4175
0.365625 0.418125
0.36625 0.41875
0.366875 0.419375
0.3675 0.42
0.368125 0.420625
0.36875 0.42
0.369375 0.420625
0.37 0.42
0.370625 0.420625
0.37125 0.42
0.371875 0.420625
0.3725 0.42125
0.373125 0.421875
0.37375 0.4225
0.374375 0.423125
0.375 0.42375
0.375625 0.424375
0.37625 0.425
0.376875 0.424375
0.3775 0.425
0.378125 0.425625
0.37875 0.42625
0.379375 0.425625
0.38 0.42625
0.380625 0.426875
0.38125 0.4275
0.381875 0.426875
0.3825 0.42625
0.383125 0.426875
0.38375 0.4275
0.384375 0.428125
0.385 0.42875
0.385625 0.429375
0.38625 0.43
0.386875 0.430625
0.3875 0.43125
0.388125 0.430625
0.38875 0.43125
0.389375 0.431875
0.39 0.4325
0.390625 0.433125
0.39125 0.43375
0.391875 0.434375
0.3925 0.435
0.393125 0.435625
0.39375 0.43625
0.394375 0.436875
0.395 0.4375
0.395625 0.438125
0.39625 0.4375
0.396875 0.438125
0.3975 0.43875
0.398125 0.439375
0.39875 0.44
0.399375 0.440625
0.4 0.44125
0.400625 0.441875
0.40125 0.4425
0.401875 0.443125
0.4025 0.44375
0.403125 0.444375
0.40375 0.445
0.404375 0.445625
0.405 0.44625
0.405625 0.446875
0.40625 0.4475
0.406875 0.448125
0.4075 0.44875
0.408125 0.449375
0.40875 0.44875
0.409375 0.449375
0.41 0.45
0.410625 0.450625
0.41125 0.45125
0.411875 0.451875
0.4125 0.4525
0.413125 0.453125
0.41375 0.45375
0.414375 0.454375
0.415 0.455
0.415625 0.455625
0.41625 0.45625
0.416875 0.455625
0.4175 0.45625
0.418125 0.456875
0.41875 0.4575
0.419375 0.456875
0.42 0.4575
0.420625 0.458125
0.42125 0.45875
0.421875 0.459375
0.4225 0.45875
0.423125 0.459375
0.42375 0.46
0.424375 0.460625
0.425 0.46
0.425625 0.459375
0.42625 0.46
0.426875 0.460625
0.4275 0.46125
0.428125 0.461875
0.42875 0.46125
0.429375 0.461875
0.43 0.46125
0.430625 0.461875
0.43125 0.46125
0.431875 0.461875
0.4325 0.4625
0.433125 0.463125
0.43375 0.46375
0.434375 0.464375
0.435 0.465
0.435625 0.465625
0.43625 0.46625
0.436875 0.465625
0.4375 0.46625
0.438125 0.466875
0.43875 0.4675
0.439375 0.468125
0.44 0.46875
0.440625 0.469375
0.44125 0.47
0.441875 0.470625
0.4425 0.47125
0.443125 0.471875
0.44375 0.4725
0.444375 0.473125
0.445 0.47375
0.445625 0.474375
0.44625 0.475
0.446875 0.475625
0.4475 0.475
0.448125 0.475625
0.44875 0.47625
0.449375 0.476875
0.45 0.4775
0.450625 0.478125
0.45125 0.4775
0.451875 0.478125
0.4525 0.47875
0.453125 0.479375
0.45375 0.48
0.454375 0.480625
0.455 0.48125
0.455625 0.481875
0.45625 0.4825
0.456875 0.483125
0.4575 0.48375
0.458125 0.484375
0.45875 0.485
0.459375 0.484375
0.46 0.485
0.460625 0.485625
0.46125 0.48625
0.461875 0.486875
0.4625 0.4875
0.463125 0.488125
0.46375 0.48875
0.464375 0.489375
0.465 0.49
0.465625 0.490625
0.46625 0.49125
0.466875 0.491875
0.4675 0.4925
0.468125 0.493125
0.46875 0.49375
0.469375 0.494375
0.47 0.495
0.470625 0.495625
0.47125 0.495
0.471875 0.495625
0.4725 0.49625
0.473125 0.496875
0.47375 0.49625
0.474375 0.495625
0.475 0.49625
0.475625 0.496875
0.47625 0.4975
0.476875 0.498125
0.4775 0.49875
0.478125 0.499375
0.47875 0.5
0.479375 0.499375
0.48 0.5
0.480625 0.500625
0.48125 0.50125
0.481875 0.501875
0.4825 0.50125
0.483125 0.501875
0.48375 0.5025
0.484375 0.503125
0.485 0.50375
0.485625 0.504375
0.48625 0.505
0.486875 0.505625
0.4875 0.50625
0.488125 0.506875
0.48875 0.5075
0.489375 0.508125
0.49 0.50875
0.490625 0.509375
0.49125 0.51
0.491875 0.510625
0.4925 0.51125
0.493125 0.510625
0.49375 0.51125
0.494375 0.511875
0.495 0.5125
0.495625 0.513125
0.49625 0.51375
0.496875 0.514375
0.4975 0.515
0.498125 0.514375
0.49875 0.515
0.499375 0.515625
0.5 0.51625
0.500625 0.516875
0.50125 0.5175
0.501875 0.518125
0.5025 0.51875
0.503125 0.519375
0.50375 0.52
0.504375 0.520625
0.505 0.52125
0.505625 0.521875
0.50625 0.52125
0.506875 0.521875
0.5075 0.5225
0.508125 0.523125
0.50875 0.52375
0.509375 0.524375
0.51 0.525
0.510625 0.525625
0.51125 0.52625
0.511875 0.526875
0.5125 0.5275
0.513125 0.528125
0.51375 0.52875
0.514375 0.529375
0.515 0.53
0.515625 0.529375
0.51625 0.52875
0.516875 0.529375
0.5175 0.53
0.518125 0.530625
0.51875 0.53125
0.519375 0.531875
0.52 0.5325
0.520625 0.533125
0.52125 0.53375
0.521875 0.534375
0.5225 0.535
0.523125 0.535625
0.52375 0.535
0.524375 0.535625
0.525 0.53625
0.525625 0.535625
0.52625 0.53625
0.526875 0.536875
0.5275 0.53625
0.528125 0.536875
0.52875 0.5375
0.529375 0.538125
0.53 0.53875
0.530625 0.539375
0.53125 0.54
0.531875 0.540625
0.5325 0.54125
0.533125 0.541875
0.53375 0.5425
0.534375 0.543125
0.535 0.54375
0.535625 0.544375
0.53625 0.545
0.536875 0.545625
0.5375 0.54625
0.538125 0.546875
0.53875 0.5475
0.539375 0.548125
0.54 0.54875
0.540625 0.549375
0.54125 0.55
0.541875 0.550625
0.5425 0.55125
0.543125 0.551875
0.54375 0.5525
0.544375 0.553125
0.545 0.5525
0.545625 0.553125
0.54625 0.55375
0.546875 0.554375
0.5475 0.555
0.548125 0.555625
0.54875 0.55625
0.549375 0.556875
0.55 0.5575
0.550625 0.558125
0.55125 0.55875
0.551875 0.559375
0.5525 0.56
0.553125 0.560625
0.55375 0.56125
0.554375 0.561875
0.555 0.5625
0.555625 0.563125
0.55625 0.56375
0.556875 0.564375
0.5575 0.565
0.558125 0.565625
0.55875 0.56625
0.559375 0.566875
0.56 0.5675
0.560625 0.568125
0.56125 0.56875
0.561875 0.569375
0.5625 0.57
0.563125 0.570625
0.56375 0.57
0.564375 0.570625
0.565 0.57125
0.565625 0.571875
0.56625 0.5725
0.566875 0.573125
0.5675 0.57375
0.568125 0.574375
0.56875 0.575
0.569375 0.575625
0.57 0.57625
0.570625 0.576875
0.57125 0.5775
0.571875 0.578125
0.5725 0.57875
0.573125 0.579375
0.57375 0.58
0.574375 0.580625
0.575 0.58125
0.575625 0.581875
0.57625 0.5825
0.576875 0.583125
0.5775 0.58375
0.578125 0.584375
0.57875 0.58375
0.579375 0.584375
0.58 0.585
0.580625 0.585625
0.58125 0.58625
0.581875 0.586875
0.5825 0.5875
0.583125 0.588125
0.58375 0.58875
0.584375 0.589375
0.585 0.59
0.585625 0.590625
0.58625 0.59125
0.586875 0.591875
0.5875 0.5925
0.588125 0.593125
0.58875 0.59375
0.589375 0.594375
0.59 0.595
0.590625 0.595625
0.59125 0.59625
0.591875 0.596875
0.5925 0.5975
0.593125 0.598125
0.59375 0.59875
0.594375 0.599375
0.595 0.6
0.595625 0.600625
0.59625 0.60125
0.596875 0.601875
0.5975 0.60125
0.598125 0.601875
0.59875 0.6025
0.599375 0.603125
0.6 0.60375
0.600625 0.604375
0.60125 0.605
0.601875 0.605625
0.6025 0.60625
0.603125 0.606875
0.60375 0.6075
0.604375 0.608125
0.605 0.60875
0.605625 0.609375
0.60625 0.61
0.606875 0.610625
0.6075 0.61125
0.608125 0.610625
0.60875 0.61125
0.609375 0.611875
0.61 0.6125
0.610625 0.613125
0.61125 0.61375
0.611875 0.614375
0.6125 0.615
0.613125 0.615625
0.61375 0.61625
0.614375 0.616875
0.615 0.6175
0.615625 0.618125
0.61625 0.61875
0.616875 0.619375
0.6175 0.62
0.618125 0.620625
0.61875 0.62125
0.619375 0.621875
0.62 0.6225
0.620625 0.623125
0.62125 0.62375
0.621875 0.624375
0.6225 0.625
0.623125 0.625625
0 0
0 0
