-0.5 0.5
-0.4995 0.5005
-0.499 0.501
-0.4985 0.5015
-0.498 0.502
-0.4975 0.5025
-0.497 0.503
-0.4965 0.5035
-0.496 0.504
-0.4955 0.5045
-0.495 0.505
-0.4945 0.5055
-0.494 0.506
-0.4935 0.5065
-0.493 0.507
-0.4925 0.5075
-0.492 0.507
-0.4915 0.5065
-0.491 0.506
-0.4905 0.5055
-0.49 0.505
-0.4895 0.5045
-0.489 0.504
-0.4885 0.5035
-0.488 0.503
-0.4875 0.5025
-0.487 0.502
-0.4865 0.5015
-0.486 0.501
-0.4855 0.5005
-0.485 0.5
-0.4845 0.4995
-0.484 0.499
-0.4835 0.4985
-0.483 0.498
-0.4825 0.4975
-0.482 0.497
-0.4815 0.4965
-0.481 0.497
-0.4805 0.4965
-0.48 0.496
-0.4795 0.4965
-0.479 0.496
-0.4785 0.4955
-0.478 0.495
-0.4775 0.4945
-0.477 0.494
-0.4765 0.4935
-0.476 0.493
-0.4755 0.4925
-0.475 0.492
-0.4745 0.4915
-0.474 0.491
-0.4735 0.4905
-0.473 0.49
-0.4725 0.4895
-0.472 0.489
-0.4715 0.4885
-0.471 0.488
-0.4705 0.4875
-0.47 0.487
-0.4695 0.4865
-0.469 0.486
-0.4685 0.4855
-0.468 0.485
-0.4675 0.4845
-0.467 0.484
-0.4665 0.4845
-0.466 0.484
-0.4655 0.4835
-0.465 0.483
-0.4645 0.4825
-0.464 0.482
-0.4635 0.4815
-0.463 0.482
-0.4625 0.4815
-0.462 0.481
-0.4615 0.4805
-0.461 0.48
-0.4605 0.4795
-0.46 0.479
-0.4595 0.4795
-0.459 0.479
-0.4585 0.4785
-0.458 0.478
-0.4575 0.4775
-0.457 0.477
-0.4565 0.4775
-0.456 0.478
-0.4555 0.4775
-0.455 0.478
-0.4545 0.4775
-0.454 0.477
-0.4535 0.4765
-0.453 0.476
-0.4525 0.4755
-0.452 0.475
-0.4515 0.4745
-0.451 0.474
-0.4505 0.4735
-0.45 0.473
-0.4495 0.4725
-0.449 0.472
-0.4485 0.4725
-0.448 0.472
-0.4475 0.4725
-0.447 0.472
-0.4465 0.4725
-0.446 0.472
-0.4455 0.4715
-0.445 0.471
-0.4445 0.4705
-0.444 0.471
-0.4435 0.4715
-0.443 0.472
-0.4425 0.4715
-0.442 0.471
-0.4415 0.4715
-0.441 0.471
-0.4405 0.4705
-0.44 0.47
-0.4395 0.4695
-0.439 0.47
-0.4385 0.4695
-0.438 0.469
-0.4375 0.4685
-0.437 0.469
-0.4365 0.4685
-0.436 0.468
-0.4355 0.4675
-0.435 0.467
-0.4345 0.4675
-0.434 0.467
-0.4335 0.4665
-0.433 0.466
-0.4325 0.4655
-0.432 0.465
-0.4315 0.4645
-0.431 0.465
-0.4305 0.4645
-0.43 0.464
-0.4295 0.4635
-0.429 0.464
-0.4285 0.4635
-0.428 0.463
-0.4275 0.4625
-0.427 0.462
-0.4265 0.4615
-0.426 0.461
-0.4255 0.4605
-0.425 0.46
-0.4245 0.4595
-0.424 0.459
-0.4235 0.4585
-0.423 0.458
-0.4225 0.4575
-0.422 0.457
-0.4215 0.4565
-0.421 0.456
-0.4205 0.4555
-0.42 0.455
-0.4195 0.4545
-0.419 0.454
-0.4185 0.4535
-0.418 0.453
-0.4175 0.4525
-0.417 0.452
-0.4165 0.4515
-0.416 0.451
-0.4155 0.4505
-0.415 0.45
-0.4145 0.4495
-0.414 0.449
-0.4135 0.4485
-0.413 0.448
-0.4125 0.4475
-0.412 0.447
-0.4115 0.4465
-0.411 0.446
-0.4105 0.4455
-0.41 0.445
-0.4095 0.4445
-0.409 0.444
-0.4085 0.4435
-0.408 0.443
-0.4075 0.4425
-0.407 0.442
-0.4065 0.4415
-0.406 0.441
-0.4055 0.4415
-0.405 0.441
-0.4045 0.4405
-0.404 0.44
-0.4035 0.4395
-0.403 0.439
-0.4025 0.4385
-0.402 0.439
-0.4015 0.4385
-0.401 0.438
-0.4005 0.4375
-0.4 0.437
-0.3995 0.4365
-0.399 0.436
-0.3985 0.4355
-0.398 0.436
-0.3975 0.4355
-0.397 0.435
-0.3965 0.4345
-0.396 0.434
-0.3955 0.4335
-0.395 0.433
-0.3945 0.4325
-0.394 0.432
-0.3935 0.4315
-0.393 0.431
-0.3925 0.4305
-0.392 0.43
-0.3915 0.4295
-0.391 0.43
-0.3905 0.4295
-0.39 0.429
-0.3895 0.4295
-0.389 0.429
-0.3885 0.4295
-0.388 0.429
-0.3875 0.4285
-0.387 0.428
-0.3865 0.4275
-0.386 0.428
-0.3855 0.4285
-0.385 0.429
-0.3845 0.4285
-0.384 0.428
-0.3835 0.4285
-0.383 0.429
-0.3825 0.4295
-0.382 0.429
-0.3815 0.4285
-0.381 0.428
-0.3805 0.4275
-0.38 0.427
-0.3795 0.4265
-0.379 0.426
-0.3785 0.4255
-0.378 0.425
-0.3775 0.4245
-0.377 0.424
-0.3765 0.4235
-0.376 0.423
-0.3755 0.4235
-0.375 0.423
-0.3745 0.4225
-0.374 0.422
-0.3735 0.4215
-0.373 0.421
-0.3725 0.4215
-0.372 0.421
-0.3715 0.4205
-0.371 0.42
-0.3705 0.4195
-0.37 0.419
-0.3695 0.4185
-0.369 0.418
-0.3685 0.4185
-0.368 0.418
-0.3675 0.4175
-0.367 0.418
-0.3665 0.4175
-0.366 0.418
-0.3655 0.4175
-0.365 0.417
-0.3645 0.4165
-0.364 0.416
-0.3635 0.4165
-0.363 0.416
-0.3625 0.4155
-0.362 0.415
-0.3615 0.4145
-0.361 0.414
-0.3605 0.4135
-0.36 0.413
-0.3595 0.4135
-0.359 0.413
-0.3585 0.4125
-0.358 0.412
-0.3575 0.4125
-0.357 0.412
-0.3565 0.4115
-0.356 0.411
-0.3555 0.4105
-0.355 0.41
-0.3545 0.4095
-0.354 0.409
-0.3535 0.4085
-0.353 0.408
-0.3525 0.4075
-0.352 0.407
-0.3515 0.4065
-0.351 0.406
-0.3505 0.4055
-0.35 0.405
-0.3495 0.4045
-0.349 0.404
-0.3485 0.4035
-0.348 0.404
-0.3475 0.4035
-0.347 0.403
-0.3465 0.4025
-0.346 0.402
-0.3455 0.4015
-0.345 0.401
-0.3445 0.4005
-0.344 0.4
-0.3435 0.3995
-0.343 0.399
-0.3425 0.3995
-0.342 0.399
-0.3415 0.3985
-0.341 0.398
-0.3405 0.3975
-0.34 0.397
-0.3395 0.3965
-0.339 0.396
-0.3385 0.3955
-0.338 0.396
-0.3375 0.3955
-0.337 0.396
-0.3365 0.3965
-0.336 0.397
-0.3355 0.3975
-0.335 0.398
-0.3345 0.3975
-0.334 0.398
-0.3335 0.3985
-0.333 0.398
-0.3325 0.3975
-0.332 0.397
-0.3315 0.3965
-0.331 0.397
-0.3305 0.3975
-0.33 0.397
-0.3295 0.3965
-0.329 0.396
-0.3285 0.3955
-0.328 0.395
-0.3275 0.3955
-0.327 0.395
-0.3265 0.3945
-0.326 0.394
-0.3255 0.3935
-0.325 0.394
-0.3245 0.3935
-0.324 0.393
-0.3235 0.3925
-0.323 0.392
-0.3225 0.3915
-0.322 0.391
-0.3215 0.3905
-0.321 0.39
-0.3205 0.3895
-0.32 0.389
-0.3195 0.3885
-0.319 0.388
-0.3185 0.3875
-0.318 0.387
-0.3175 0.3865
-0.317 0.386
-0.3165 0.3865
-0.316 0.386
-0.3155 0.3855
-0.315 0.385
-0.3145 0.3845
-0.314 0.385
-0.3135 0.3855
-0.313 0.385
-0.3125 0.3855
-0.312 0.385
-0.3115 0.3845
-0.311 0.384
-0.3105 0.3835
-0.31 0.383
-0.3095 0.3825
-0.309 0.383
-0.3085 0.3825
-0.308 0.382
-0.3075 0.3815
-0.307 0.381
-0.3065 0.3805
-0.306 0.38
-0.3055 0.3805
-0.305 0.38
-0.3045 0.3805
-0.304 0.38
-0.3035 0.3795
-0.303 0.379
-0.3025 0.3795
-0.302 0.379
-0.3015 0.3785
-0.301 0.378
-0.3005 0.3785
-0.3 0.378
-0.2995 0.3775
-0.299 0.377
-0.2985 0.3765
-0.298 0.376
-0.2975 0.3765
-0.297 0.376
-0.2965 0.3765
-0.296 0.376
-0.2955 0.3755
-0.295 0.375
-0.2945 0.3745
-0.294 0.375
-0.2935 0.3755
-0.293 0.376
-0.2925 0.3765
-0.292 0.376
-0.2915 0.3765
-0.291 0.376
-0.2905 0.3755
-0.29 0.375
-0.2895 0.3755
-0.289 0.375
-0.2885 0.3745
-0.288 0.374
-0.2875 0.3735
-0.287 0.373
-0.2865 0.3735
-0.286 0.374
-0.2855 0.3745
-0.285 0.374
-0.2845 0.3735
-0.284 0.373
-0.2835 0.3725
-0.283 0.372
-0.2825 0.3715
-0.282 0.371
-0.2815 0.3705
-0.281 0.37
-0.2805 0.3705
-0.28 0.371
-0.2795 0.3705
-0.279 0.37
-0.2785 0.3695
-0.278 0.369
-0.2775 0.3695
-0.277 0.369
-0.2765 0.3695
-0.276 0.37
-0.2755 0.3695
-0.275 0.369
-0.2745 0.3695
-0.274 0.369
-0.2735 0.3685
-0.273 0.368
-0.2725 0.3685
-0.272 0.369
-0.2715 0.3685
-0.271 0.368
-0.2705 0.3685
-0.27 0.369
-0.2695 0.3685
-0.269 0.369
-0.2685 0.3685
-0.268 0.368
-0.2675 0.3675
-0.267 0.367
-0.2665 0.3665
-0.266 0.366
-0.2655 0.3665
-0.265 0.366
-0.2645 0.3655
-0.264 0.365
-0.2635 0.3655
-0.263 0.365
-0.2625 0.3655
-0.262 0.365
-0.2615 0.3655
-0.261 0.365
-0.2605 0.3645
-0.26 0.364
-0.2595 0.3635
-0.259 0.363
-0.2585 0.3625
-0.258 0.362
-0.2575 0.3615
-0.257 0.361
-0.2565 0.3605
-0.256 0.36
-0.2555 0.3605
-0.255 0.361
-0.2545 0.3605
-0.254 0.36
-0.2535 0.3595
-0.253 0.359
-0.2525 0.3595
-0.252 0.359
-0.2515 0.3585
-0.251 0.358
-0.2505 0.3575
-0.25 0.357
-0.2495 0.3575
-0.249 0.358
-0.2485 0.3585
-0.248 0.359
-0.2475 0.3585
-0.247 0.358
-0.2465 0.3575
-0.246 0.358
-0.2455 0.3585
-0.245 0.358
-0.2445 0.3575
-0.244 0.357
-0.2435 0.3565
-0.243 0.356
-0.2425 0.3555
-0.242 0.355
-0.2415 0.3545
-0.241 0.354
-0.2405 0.3535
-0.24 0.353
-0.2395 0.3525
-0.239 0.353
-0.2385 0.3525
-0.238 0.352
-0.2375 0.3515
-0.237 0.351
-0.2365 0.3505
-0.236 0.35
-0.2355 0.3505
-0.235 0.351
-0.2345 0.3515
-0.234 0.352
-0.2335 0.3515
-0.233 0.352
-0.2325 0.3525
-0.232 0.352
-0.2315 0.3515
-0.231 0.351
-0.2305 0.3505
-0.23 0.35
-0.2295 0.3495
-0.229 0.349
-0.2285 0.3495
-0.228 0.35
-0.2275 0.3495
-0.227 0.349
-0.2265 0.3485
-0.226 0.348
-0.2255 0.3475
-0.225 0.347
-0.2245 0.3465
-0.224 0.346
-0.2235 0.3455
-0.223 0.345
-0.2225 0.3445
-0.222 0.344
-0.2215 0.3435
-0.221 0.343
-0.2205 0.3425
-0.22 0.343
-0.2195 0.3435
-0.219 0.343
-0.2185 0.3425
-0.218 0.342
-0.2175 0.3415
-0.217 0.341
-0.2165 0.3405
-0.216 0.34
-0.2155 0.3395
-0.215 0.34
-0.2145 0.3395
-0.214 0.339
-0.2135 0.3395
-0.213 0.339
-0.2125 0.3395
-0.212 0.34
-0.2115 0.3405
-0.211 0.34
-0.2105 0.3405
-0.21 0.34
-0.2095 0.3395
-0.209 0.339
-0.2085 0.3385
-0.208 0.338
-0.2075 0.3375
-0.207 0.338
-0.2065 0.3385
-0.206 0.339
-0.2055 0.3395
-0.205 0.339
-0.2045 0.3395
-0.204 0.339
-0.2035 0.3385
-0.203 0.338
-0.2025 0.3375
-0.202 0.338
-0.2015 0.3375
-0.201 0.337
-0.2005 0.3365
-0.2 0.336
-0.1995 0.3365
-0.199 0.336
-0.1985 0.3355
-0.198 0.335
-0.1975 0.3355
-0.197 0.335
-0.1965 0.3355
-0.196 0.335
-0.1955 0.3345
-0.195 0.335
-0.1945 0.3355
-0.194 0.335
-0.1935 0.3345
-0.193 0.334
-0.1925 0.3335
-0.192 0.334
-0.1915 0.3335
-0.191 0.333
-0.1905 0.3325
-0.19 0.332
-0.1895 0.3325
-0.189 0.332
-0.1885 0.3325
-0.188 0.333
-0.1875 0.3335
-0.187 0.333
-0.1865 0.3325
-0.186 0.332
-0.1855 0.3315
-0.185 0.331
-0.1845 0.3315
-0.184 0.331
-0.1835 0.3305
-0.183 0.33
-0.1825 0.3295
-0.182 0.33
-0.1815 0.3295
-0.181 0.329
-0.1805 0.3295
-0.18 0.329
-0.1795 0.3285
-0.179 0.329
-0.1785 0.3285
-0.178 0.328
-0.1775 0.3275
-0.177 0.327
-0.1765 0.3275
-0.176 0.327
-0.1755 0.3275
-0.175 0.327
-0.1745 0.3265
-0.174 0.326
-0.1735 0.3265
-0.173 0.326
-0.1725 0.3265
-0.172 0.327
-0.1715 0.3275
-0.171 0.328
-0.1705 0.3285
-0.17 0.329
-0.1695 0.3285
-0.169 0.329
-0.1685 0.3285
-0.168 0.328
-0.1675 0.3285
-0.167 0.329
-0.1665 0.3285
-0.166 0.328
-0.1655 0.3285
-0.165 0.329
-0.1645 0.3285
-0.164 0.329
-0.1635 0.3295
-0.163 0.329
-0.1625 0.3285
-0.162 0.329
-0.1615 0.3285
-0.161 0.328
-0.1605 0.3275
-0.16 0.327
-0.1595 0.3275
-0.159 0.328
-0.1585 0.3275
-0.158 0.328
-0.1575 0.3285
-0.157 0.328
-0.1565 0.3275
-0.156 0.327
-0.1555 0.3265
-0.155 0.326
-0.1545 0.3255
-0.154 0.326
-0.1535 0.3255
-0.153 0.325
-0.1525 0.3245
-0.152 0.324
-0.1515 0.3245
-0.151 0.325
-0.1505 0.3245
-0.15 0.324
-0.1495 0.3245
-0.149 0.324
-0.1485 0.3245
-0.148 0.324
-0.1475 0.3235
-0.147 0.323
-0.1465 0.3235
-0.146 0.323
-0.1455 0.3225
-0.145 0.322
-0.1445 0.3215
-0.144 0.321
-0.1435 0.3215
-0.143 0.321
-0.1425 0.3215
-0.142 0.322
-0.1415 0.3225
-0.141 0.322
-0.1405 0.3225
-0.14 0.322
-0.1395 0.3215
-0.139 0.321
-0.1385 0.3205
-0.138 0.32
-0.1375 0.3195
-0.137 0.319
-0.1365 0.3185
-0.136 0.318
-0.1355 0.3175
-0.135 0.317
-0.1345 0.3165
-0.134 0.316
-0.1335 0.3165
-0.133 0.316
-0.1325 0.3165
-0.132 0.317
-0.1315 0.3165
-0.131 0.316
-0.1305 0.3155
-0.13 0.315
-0.1295 0.3145
-0.129 0.314
-0.1285 0.3135
-0.128 0.313
-0.1275 0.3125
-0.127 0.312
-0.1265 0.3125
-0.126 0.313
-0.1255 0.3125
-0.125 0.312
-0.1245 0.3115
-0.124 0.311
-0.1235 0.3115
-0.123 0.312
-0.1225 0.3115
-0.122 0.311
-0.1215 0.3105
-0.121 0.31
-0.1205 0.3095
-0.12 0.309
-0.1195 0.3085
-0.119 0.308
-0.1185 0.3075
-0.118 0.307
-0.1175 0.3065
-0.117 0.307
-0.1165 0.3065
-0.116 0.306
-0.1155 0.3055
-0.115 0.305
-0.1145 0.3055
-0.114 0.306
-0.1135 0.3055
-0.113 0.306
-0.1125 0.3065
-0.112 0.307
-0.1115 0.3075
-0.111 0.308
-0.1105 0.3085
-0.11 0.309
-0.1095 0.3095
-0.109 0.31
-0.1085 0.3105
-0.108 0.31
-0.1075 0.3105
-0.107 0.311
-0.1065 0.3115
-0.106 0.311
-0.1055 0.3105
-0.105 0.31
-0.1045 0.3105
-0.104 0.311
-0.1035 0.3105
-0.103 0.311
-0.1025 0.3105
-0.102 0.311
-0.1015 0.3105
-0.101 0.311
-0.1005 0.3105
-0.1 0.31
-0.0995 0.3105
-0.099 0.31
-0.0985 0.3095
-0.098 0.309
-0.0975 0.3095
-0.097 0.31
-0.0965 0.3105
-0.096 0.31
-0.0955 0.3095
-0.095 0.309
-0.0945 0.3085
-0.094 0.309
-0.0935 0.3095
-0.093 0.31
-0.0925 0.3095
-0.092 0.309
-0.0915 0.3085
-0.091 0.309
-0.0905 0.3085
-0.09 0.308
-0.0895 0.3085
-0.089 0.308
-0.0885 0.3085
-0.088 0.309
-0.0875 0.3095
-0.087 0.309
-0.0865 0.3085
-0.086 0.308
-0.0855 0.3075
-0.085 0.308
-0.0845 0.3085
-0.084 0.308
-0.0835 0.3075
-0.083 0.308
-0.0825 0.3075
-0.082 0.308
-0.0815 0.3075
-0.081 0.308
-0.0805 0.3075
-0.08 0.308
-0.0795 0.3085
-0.079 0.308
-0.0785 0.3085
-0.078 0.308
-0.0775 0.3075
-0.077 0.307
-0.0765 0.3065
-0.076 0.306
-0.0755 0.3065
-0.075 0.306
-0.0745 0.3055
-0.074 0.305
-0.0735 0.3045
-0.073 0.304
-0.0725 0.3035
-0.072 0.303
-0.0715 0.3025
-0.071 0.303
-0.0705 0.3025
-0.07 0.303
-0.0695 0.3035
-0.069 0.304
-0.0685 0.3045
-0.068 0.304
-0.0675 0.3045
-0.067 0.305
-0.0665 0.3045
-0.066 0.304
-0.0655 0.3035
-0.065 0.303
-0.0645 0.3025
-0.064 0.302
-0.0635 0.3015
-0.063 0.302
-0.0625 0.3015
-0.062 0.301
-0.0615 0.3015
-0.061 0.301
-0.0605 0.3005
-0.06 0.3
-0.0595 0.2995
-0.059 0.3
-0.0585 0.2995
-0.058 0.299
-0.0575 0.2985
-0.057 0.299
-0.0565 0.2985
-0.056 0.299
-0.0555 0.2995
-0.055 0.3
-0.0545 0.3005
-0.054 0.301
-0.0535 0.3005
-0.053 0.3
-0.0525 0.2995
-0.052 0.299
-0.0515 0.2995
-0.051 0.299
-0.0505 0.2985
-0.05 0.298
-0.0495 0.2985
-0.049 0.299
-0.0485 0.2995
-0.048 0.299
-0.0475 0.2985
-0.047 0.299
-0.0465 0.2985
-0.046 0.299
-0.0455 0.2995
-0.045 0.3
-0.0445 0.2995
-0.044 0.3
-0.0435 0.2995
-0.043 0.3
-0.0425 0.2995
-0.042 0.3
-0.0415 0.2995
-0.041 0.299
-0.0405 0.2985
-0.04 0.299
-0.0395 0.2995
-0.039 0.3
-0.0385 0.2995
-0.038 0.3
-0.0375 0.2995
-0.037 0.3
-0.0365 0.2995
-0.036 0.299
-0.0355 0.2985
-0.035 0.299
-0.0345 0.2985
-0.034 0.299
-0.0335 0.2985
-0.033 0.299
-0.0325 0.2995
-0.032 0.299
-0.0315 0.2985
-0.031 0.299
-0.0305 0.2995
-0.03 0.299
-0.0295 0.2995
-0.029 0.299
-0.0285 0.2995
-0.028 0.3
-0.0275 0.2995
-0.027 0.3
-0.0265 0.2995
-0.026 0.3
-0.0255 0.3005
-0.025 0.3
-0.0245 0.2995
-0.024 0.299
-0.0235 0.2985
-0.023 0.299
-0.0225 0.2995
-0.022 0.299
-0.0215 0.2995
-0.021 0.3
-0.0205 0.2995
-0.02 0.299
-0.0195 0.2985
-0.019 0.298
-0.0185 0.2985
-0.018 0.298
-0.0175 0.2975
-0.017 0.297
-0.0165 0.2965
-0.016 0.296
-0.0155 0.2955
-0.015 0.295
-0.0145 0.2945
-0.014 0.295
-0.0135 0.2945
-0.013 0.295
-0.0125 0.2945
-0.012 0.295
-0.0115 0.2955
-0.011 0.296
-0.0105 0.2965
-0.01 0.296
-0.0095 0.2955
-0.009 0.295
-0.0085 0.2945
-0.008 0.295
-0.0075 0.2945
-0.007 0.295
-0.0065 0.2955
-0.006 0.296
-0.0055 0.2965
-0.005 0.297
-0.0045 0.2965
-0.004 0.296
-0.0035 0.2955
-0.003 0.296
-0.0025 0.2965
-0.002 0.296
-0.0015 0.2965
-0.001 0.297
-0.0005 0.2975
0 0.298
0.0005 0.2975
0.001 0.297
0.0015 0.2965
0.002 0.296
0.0025 0.2955
0.003 0.296
0.0035 0.2955
0.004 0.295
0.0045 0.2945
0.005 0.294
0.0055 0.2935
0.006 0.293
0.0065 0.2935
0.007 0.293
0.0075 0.2935
0.008 0.293
0.0085 0.2925
0.009 0.293
0.0095 0.2935
0.01 0.294
0.0105 0.2935
0.011 0.293
0.0115 0.2935
0.012 0.294
0.0125 0.2945
0.013 0.295
0.0135 0.2955
0.014 0.296
0.0145 0.2955
0.015 0.295
0.0155 0.2955
0.016 0.296
0.0165 0.2955
0.017 0.296
0.0175 0.2955
0.018 0.296
0.0185 0.2965
0.019 0.297
0.0195 0.2965
0.02 0.296
0.0205 0.2955
0.021 0.295
0.0215 0.2955
0.022 0.296
0.0225 0.2965
0.023 0.297
0.0235 0.2965
0.024 0.297
0.0245 0.2975
0.025 0.298
0.0255 0.2985
0.026 0.299
0.0265 0.2995
0.027 0.3
0.0275 0.2995
0.028 0.3
0.0285 0.3005
0.029 0.301
0.0295 0.3015
0.03 0.302
0.0305 0.3025
0.031 0.303
0.0315 0.3025
0.032 0.303
0.0325 0.3035
0.033 0.303
0.0335 0.3025
0.034 0.302
0.0345 0.3025
0.035 0.302
0.0355 0.3025
0.036 0.302
0.0365 0.3025
0.037 0.302
0.0375 0.3025
0.038 0.303
0.0385 0.3025
0.039 0.302
0.0395 0.3025
0.04 0.303
0.0405 0.3025
0.041 0.302
0.0415 0.3015
0.042 0.301
0.0425 0.3015
0.043 0.301
0.0435 0.3005
0.044 0.301
0.0445 0.3015
0.045 0.301
0.0455 0.3005
0.046 0.301
0.0465 0.3005
0.047 0.3
0.0475 0.3005
0.048 0.3
0.0485 0.3005
0.049 0.3
0.0495 0.2995
0.05 0.299
0.0505 0.2985
0.051 0.298
0.0515 0.2975
0.052 0.298
0.0525 0.2975
0.053 0.298
0.0535 0.2985
0.054 0.299
0.0545 0.2985
0.055 0.299
0.0555 0.2995
0.056 0.299
0.0565 0.2995
0.057 0.3
0.0575 0.2995
0.058 0.3
0.0585 0.2995
0.059 0.299
0.0595 0.2985
0.06 0.299
0.0605 0.2995
0.061 0.299
0.0615 0.2995
0.062 0.299
0.0625 0.2995
0.063 0.299
0.0635 0.2985
0.064 0.298
0.0645 0.2975
0.065 0.297
0.0655 0.2975
0.066 0.298
0.0665 0.2975
0.067 0.298
0.0675 0.2985
0.068 0.298
0.0685 0.2975
0.069 0.298
0.0695 0.2975
0.07 0.297
0.0705 0.2965
0.071 0.297
0.0715 0.2975
0.072 0.297
0.0725 0.2975
0.073 0.298
0.0735 0.2985
0.074 0.299
0.0745 0.2985
0.075 0.299
0.0755 0.2985
0.076 0.299
0.0765 0.2995
0.077 0.3
0.0775 0.3005
0.078 0.3
0.0785 0.3005
0.079 0.301
0.0795 0.3015
0.08 0.301
0.0805 0.3015
0.081 0.302
0.0815 0.3025
0.082 0.303
0.0825 0.3035
0.083 0.304
0.0835 0.3045
0.084 0.304
0.0845 0.3045
0.085 0.305
0.0855 0.3045
0.086 0.305
0.0865 0.3045
0.087 0.305
0.0875 0.3055
0.088 0.305
0.0885 0.3045
0.089 0.304
0.0895 0.3045
0.09 0.304
0.0905 0.3035
0.091 0.304
0.0915 0.3045
0.092 0.305
0.0925 0.3055
0.093 0.306
0.0935 0.3055
0.094 0.306
0.0945 0.3065
0.095 0.307
0.0955 0.3075
0.096 0.307
0.0965 0.3075
0.097 0.308
0.0975 0.3085
0.098 0.309
0.0985 0.3095
0.099 0.31
0.0995 0.3105
0.1 0.311
0.1005 0.3115
0.101 0.311
0.1015 0.3105
0.102 0.31
0.1025 0.3105
0.103 0.311
0.1035 0.3115
0.104 0.312
0.1045 0.3125
0.105 0.313
0.1055 0.3135
0.106 0.314
0.1065 0.3145
0.107 0.315
0.1075 0.3145
0.108 0.315
0.1085 0.3155
0.109 0.316
0.1095 0.3165
0.11 0.317
0.1105 0.3165
0.111 0.317
0.1115 0.3165
0.112 0.317
0.1125 0.3165
0.113 0.317
0.1135 0.3165
0.114 0.317
0.1145 0.3165
0.115 0.316
0.1155 0.3155
0.116 0.315
0.1165 0.3145
0.117 0.315
0.1175 0.3155
0.118 0.316
0.1185 0.3165
0.119 0.316
0.1195 0.3165
0.12 0.317
0.1205 0.3175
0.121 0.318
0.1215 0.3185
0.122 0.319
0.1225 0.3195
0.123 0.32
0.1235 0.3195
0.124 0.32
0.1245 0.3195
0.125 0.32
0.1255 0.3205
0.126 0.321
0.1265 0.3205
0.127 0.321
0.1275 0.3215
0.128 0.322
0.1285 0.3225
0.129 0.323
0.1295 0.3225
0.13 0.322
0.1305 0.3215
0.131 0.321
0.1315 0.3215
0.132 0.322
0.1325 0.3225
0.133 0.322
0.1335 0.3225
0.134 0.323
0.1345 0.3225
0.135 0.322
0.1355 0.3225
0.136 0.323
0.1365 0.3235
0.137 0.323
0.1375 0.3225
0.138 0.322
0.1385 0.3225
0.139 0.323
0.1395 0.3235
0.14 0.323
0.1405 0.3235
0.141 0.323
0.1415 0.3235
0.142 0.324
0.1425 0.3235
0.143 0.323
0.1435 0.3235
0.144 0.323
0.1445 0.3235
0.145 0.324
0.1455 0.3235
0.146 0.324
0.1465 0.3245
0.147 0.325
0.1475 0.3245
0.148 0.324
0.1485 0.3245
0.149 0.325
0.1495 0.3255
0.15 0.326
0.1505 0.3265
0.151 0.327
0.1515 0.3275
0.152 0.328
0.1525 0.3285
0.153 0.328
0.1535 0.3275
0.154 0.328
0.1545 0.3285
0.155 0.328
0.1555 0.3285
0.156 0.329
0.1565 0.3295
0.157 0.329
0.1575 0.3285
0.158 0.328
0.1585 0.3275
0.159 0.327
0.1595 0.3275
0.16 0.328
0.1605 0.3285
0.161 0.329
0.1615 0.3285
0.162 0.328
0.1625 0.3285
0.163 0.328
0.1635 0.3285
0.164 0.328
0.1645 0.3285
0.165 0.329
0.1655 0.3295
0.166 0.33
0.1665 0.3295
0.167 0.329
0.1675 0.3285
0.168 0.329
0.1685 0.3285
0.169 0.328
0.1695 0.3285
0.17 0.329
0.1705 0.3285
0.171 0.329
0.1715 0.3295
0.172 0.33
0.1725 0.3305
0.173 0.331
0.1735 0.3315
0.174 0.332
0.1745 0.3325
0.175 0.333
0.1755 0.3335
0.176 0.333
0.1765 0.3325
0.177 0.333
0.1775 0.3335
0.178 0.333
0.1785 0.3335
0.179 0.333
0.1795 0.3325
0.18 0.333
0.1805 0.3335
0.181 0.334
0.1815 0.3345
0.182 0.335
0.1825 0.3345
0.183 0.334
0.1835 0.3335
0.184 0.334
0.1845 0.3335
0.185 0.334
0.1855 0.3345
0.186 0.335
0.1865 0.3345
0.187 0.335
0.1875 0.3355
0.188 0.335
0.1885 0.3355
0.189 0.336
0.1895 0.3355
0.19 0.336
0.1905 0.3355
0.191 0.335
0.1915 0.3345
0.192 0.335
0.1925 0.3345
0.193 0.335
0.1935 0.3355
0.194 0.336
0.1945 0.3365
0.195 0.336
0.1955 0.3365
0.196 0.337
0.1965 0.3375
0.197 0.337
0.1975 0.3365
0.198 0.336
0.1985 0.3365
0.199 0.336
0.1995 0.3355
0.2 0.336
0.2005 0.3355
0.201 0.336
0.2015 0.3365
0.202 0.337
0.2025 0.3375
0.203 0.338
0.2035 0.3375
0.204 0.337
0.2045 0.3375
0.205 0.337
0.2055 0.3375
0.206 0.337
0.2065 0.3375
0.207 0.337
0.2075 0.3375
0.208 0.338
0.2085 0.3375
0.209 0.338
0.2095 0.3385
0.21 0.339
0.2105 0.3385
0.211 0.338
0.2115 0.3375
0.212 0.337
0.2125 0.3375
0.213 0.338
0.2135 0.3385
0.214 0.339
0.2145 0.3395
0.215 0.34
0.2155 0.3405
0.216 0.34
0.2165 0.3395
0.217 0.339
0.2175 0.3385
0.218 0.339
0.2185 0.3385
0.219 0.339
0.2195 0.3395
0.22 0.34
0.2205 0.3405
0.221 0.34
0.2215 0.3395
0.222 0.34
0.2225 0.3405
0.223 0.341
0.2235 0.3415
0.224 0.342
0.2245 0.3425
0.225 0.343
0.2255 0.3435
0.226 0.344
0.2265 0.3445
0.227 0.345
0.2275 0.3455
0.228 0.346
0.2285 0.3465
0.229 0.346
0.2295 0.3455
0.23 0.346
0.2305 0.3465
0.231 0.347
0.2315 0.3465
0.232 0.347
0.2325 0.3475
0.233 0.348
0.2335 0.3485
0.234 0.349
0.2345 0.3495
0.235 0.35
0.2355 0.3505
0.236 0.351
0.2365 0.3515
0.237 0.352
0.2375 0.3525
0.238 0.353
0.2385 0.3535
0.239 0.354
0.2395 0.3545
0.24 0.355
0.2405 0.3555
0.241 0.355
0.2415 0.3555
0.242 0.355
0.2425 0.3545
0.243 0.354
0.2435 0.3545
0.244 0.355
0.2445 0.3555
0.245 0.356
0.2455 0.3565
0.246 0.357
0.2465 0.3575
0.247 0.358
0.2475 0.3575
0.248 0.358
0.2485 0.3585
0.249 0.358
0.2495 0.3585
0.25 0.359
0.2505 0.3585
0.251 0.358
0.2515 0.3575
0.252 0.358
0.2525 0.3575
0.253 0.357
0.2535 0.3565
0.254 0.356
0.2545 0.3555
0.255 0.356
0.2555 0.3565
0.256 0.357
0.2565 0.3565
0.257 0.357
0.2575 0.3575
0.258 0.358
0.2585 0.3585
0.259 0.359
0.2595 0.3595
0.26 0.36
0.2605 0.3605
0.261 0.361
0.2615 0.3615
0.262 0.361
0.2625 0.3615
0.263 0.362
0.2635 0.3625
0.264 0.363
0.2645 0.3635
0.265 0.364
0.2655 0.3645
0.266 0.365
0.2665 0.3645
0.267 0.364
0.2675 0.3645
0.268 0.364
0.2685 0.3645
0.269 0.365
0.2695 0.3655
0.27 0.366
0.2705 0.3665
0.271 0.367
0.2715 0.3675
0.272 0.368
0.2725 0.3685
0.273 0.369
0.2735 0.3685
0.274 0.369
0.2745 0.3695
0.275 0.369
0.2755 0.3695
0.276 0.369
0.2765 0.3685
0.277 0.369
0.2775 0.3695
0.278 0.37
0.2785 0.3695
0.279 0.37
0.2795 0.3705
0.28 0.371
0.2805 0.3705
0.281 0.37
0.2815 0.3705
0.282 0.37
0.2825 0.3705
0.283 0.37
0.2835 0.3705
0.284 0.371
0.2845 0.3715
0.285 0.371
0.2855 0.3715
0.286 0.372
0.2865 0.3715
0.287 0.371
0.2875 0.3715
0.288 0.372
0.2885 0.3725
0.289 0.373
0.2895 0.3735
0.29 0.374
0.2905 0.3745
0.291 0.375
0.2915 0.3745
0.292 0.375
0.2925 0.3755
0.293 0.376
0.2935 0.3765
0.294 0.377
0.2945 0.3765
0.295 0.377
0.2955 0.3765
0.296 0.377
0.2965 0.3775
0.297 0.378
0.2975 0.3785
0.298 0.379
0.2985 0.3795
0.299 0.38
0.2995 0.3795
0.3 0.379
0.3005 0.3795
0.301 0.38
0.3015 0.3805
0.302 0.381
0.3025 0.3815
0.303 0.382
0.3035 0.3825
0.304 0.383
0.3045 0.3835
0.305 0.384
0.3055 0.3845
0.306 0.384
0.3065 0.3845
0.307 0.385
0.3075 0.3845
0.308 0.385
0.3085 0.3855
0.309 0.385
0.3095 0.3855
0.31 0.386
0.3105 0.3865
0.311 0.387
0.3115 0.3875
0.312 0.388
0.3125 0.3885
0.313 0.389
0.3135 0.3895
0.314 0.39
0.3145 0.3905
0.315 0.391
0.3155 0.3915
0.316 0.392
0.3165 0.3925
0.317 0.392
0.3175 0.3915
0.318 0.392
0.3185 0.3925
0.319 0.393
0.3195 0.3925
0.32 0.393
0.3205 0.3935
0.321 0.394
0.3215 0.3945
0.322 0.395
0.3225 0.3955
0.323 0.396
0.3235 0.3965
0.324 0.397
0.3245 0.3975
0.325 0.398
0.3255 0.3985
0.326 0.399
0.3265 0.3985
0.327 0.398
0.3275 0.3985
0.328 0.398
0.3285 0.3985
0.329 0.399
0.3295 0.3995
0.33 0.4
0.3305 0.4005
0.331 0.401
0.3315 0.4015
0.332 0.401
0.3325 0.4015
0.333 0.402
0.3335 0.4025
0.334 0.403
0.3345 0.4035
0.335 0.404
0.3355 0.4045
0.336 0.405
0.3365 0.4055
0.337 0.406
0.3375 0.4055
0.338 0.406
0.3385 0.4065
0.339 0.407
0.3395 0.4065
0.34 0.406
0.3405 0.4065
0.341 0.407
0.3415 0.4075
0.342 0.408
0.3425 0.4085
0.343 0.409
0.3435 0.4095
0.344 0.409
0.3445 0.4095
0.345 0.41
0.3455 0.4105
0.346 0.411
0.3465 0.4115
0.347 0.412
0.3475 0.4115
0.348 0.411
0.3485 0.4115
0.349 0.412
0.3495 0.4125
0.35 0.413
0.3505 0.4135
0.351 0.414
0.3515 0.4145
0.352 0.415
0.3525 0.4155
0.353 0.416
0.3535 0.4165
0.354 0.417
0.3545 0.4175
0.355 0.418
0.3555 0.4175
0.356 0.418
0.3565 0.4185
0.357 0.419
0.3575 0.4195
0.358 0.42
0.3585 0.4205
0.359 0.421
0.3595 0.4215
0.36 0.422
0.3605 0.4225
0.361 0.423
0.3615 0.4235
0.362 0.424
0.3625 0.4245
0.363 0.425
0.3635 0.4255
0.364 0.425
0.3645 0.4255
0.365 0.426
0.3655 0.4265
0.366 0.427
0.3665 0.4275
0.367 0.428
0.3675 0.4285
0.368 0.429
0.3685 0.4295
0.369 0.43
0.3695 0.4295
0.37 0.43
0.3705 0.4305
0.371 0.431
0.3715 0.4315
0.372 0.432
0.3725 0.4325
0.373 0.432
0.3735 0.4315
0.374 0.432
0.3745 0.4325
0.375 0.433
0.3755 0.4335
0.376 0.433
0.3765 0.4325
0.377 0.433
0.3775 0.4325
0.378 0.432
0.3785 0.4315
0.379 0.432
0.3795 0.4325
0.38 0.432
0.3805 0.4315
0.381 0.432
0.3815 0.4315
0.382 0.432
0.3825 0.4325
0.383 0.432
0.3835 0.4325
0.384 0.432
0.3845 0.4325
0.385 0.433
0.3855 0.4335
0.386 0.434
0.3865 0.4345
0.387 0.435
0.3875 0.4355
0.388 0.436
0.3885 0.4355
0.389 0.436
0.3895 0.4365
0.39 0.437
0.3905 0.4365
0.391 0.437
0.3915 0.4375
0.392 0.438
0.3925 0.4385
0.393 0.439
0.3935 0.4395
0.394 0.44
0.3945 0.4405
0.395 0.441
0.3955 0.4415
0.396 0.442
0.3965 0.4425
0.397 0.443
0.3975 0.4435
0.398 0.444
0.3985 0.4445
0.399 0.444
0.3995 0.4445
0.4 0.445
0.4005 0.4445
0.401 0.445
0.4015 0.4455
0.402 0.445
0.4025 0.4455
0.403 0.446
0.4035 0.4465
0.404 0.446
0.4045 0.4455
0.405 0.445
0.4055 0.4455
0.406 0.446
0.4065 0.4465
0.407 0.447
0.4075 0.4475
0.408 0.448
0.4085 0.4475
0.409 0.448
0.4095 0.4485
0.41 0.449
0.4105 0.4495
0.411 0.45
0.4115 0.4505
0.412 0.451
0.4125 0.4515
0.413 0.452
0.4135 0.4525
0.414 0.452
0.4145 0.4525
0.415 0.453
0.4155 0.4535
0.416 0.454
0.4165 0.4545
0.417 0.454
0.4175 0.4535
0.418 0.453
0.4185 0.4535
0.419 0.454
0.4195 0.4545
0.42 0.455
0.4205 0.4555
0.421 0.456
0.4215 0.4565
0.422 0.457
0.4225 0.4575
0.423 0.458
0.4235 0.4575
0.424 0.457
0.4245 0.4575
0.425 0.458
0.4255 0.4585
0.426 0.459
0.4265 0.4595
0.427 0.46
0.4275 0.4605
0.428 0.46
0.4285 0.4605
0.429 0.461
0.4295 0.4615
0.43 0.462
0.4305 0.4625
0.431 0.462
0.4315 0.4625
0.432 0.463
0.4325 0.4635
0.433 0.464
0.4335 0.4645
0.434 0.465
0.4345 0.4645
0.435 0.465
0.4355 0.4645
0.436 0.465
0.4365 0.4655
0.437 0.466
0.4375 0.4665
0.438 0.467
0.4385 0.4675
0.439 0.468
0.4395 0.4685
0.44 0.469
0.4405 0.4695
0.441 0.47
0.4415 0.4695
0.442 0.47
0.4425 0.4705
0.443 0.471
0.4435 0.4715
0.444 0.472
0.4445 0.4725
0.445 0.473
0.4455 0.4735
0.446 0.473
0.4465 0.4725
0.447 0.472
0.4475 0.4715
0.448 0.472
0.4485 0.4715
0.449 0.472
0.4495 0.4725
0.45 0.473
0.4505 0.4735
0.451 0.474
0.4515 0.4745
0.452 0.475
0.4525 0.4755
0.453 0.475
0.4535 0.4755
0.454 0.476
0.4545 0.4765
0.455 0.477
0.4555 0.4775
0.456 0.478
0.4565 0.4785
0.457 0.479
0.4575 0.4785
0.458 0.479
0.4585 0.4795
0.459 0.479
0.4595 0.4795
0.46 0.479
0.4605 0.4795
0.461 0.48
0.4615 0.4795
0.462 0.479
0.4625 0.4795
0.463 0.48
0.4635 0.4805
0.464 0.481
0.4645 0.4815
0.465 0.482
0.4655 0.4825
0.466 0.483
0.4665 0.4835
0.467 0.484
0.4675 0.4845
0.468 0.485
0.4685 0.4855
0.469 0.486
0.4695 0.4865
0.47 0.487
0.4705 0.4875
0.471 0.488
0.4715 0.4885
0.472 0.489
0.4725 0.4895
0.473 0.49
0.4735 0.4905
0.474 0.491
0.4745 0.4915
0.475 0.492
0.4755 0.4925
0.476 0.493
0.4765 0.4935
0.477 0.494
0.4775 0.4945
0.478 0.495
0.4785 0.4955
0.479 0.496
0.4795 0.4965
0.48 0.497
0.4805 0.4975
0.481 0.498
0.4815 0.4985
0.482 0.499
0.4825 0.4995
0.483 0.5
0.4835 0.4995
0.484 0.5
0.4845 0.5005
0.485 0.501
0.4855 0.5015
0.486 0.502
0.4865 0.5025
0.487 0.503
0.4875 0.5035
0.488 0.504
0.4885 0.5045
0.489 0.505
0.4895 0.5055
0.49 0.506
0.4905 0.5065
0.491 0.507
0.4915 0.5065
0.492 0.507
0 0
0 0
0 0
0 0
0 0
0 0
0 0
0 0
0 0
0 0
0 0
0 0
0 0
0 0
0 0
