-0.833333 0.833333
-0.8325 0.8325
-0.831667 0.831667
-0.830833 0.830833
-0.83 0.83
-0.829167 0.829167
-0.828333 0.828333
-0.8275 0.8275
-0.826667 0.826667
-0.825833 0.825833
-0.825 0.825
-0.824167 0.824167
-0.823333 0.823333
-0.8225 0.8225
-0.821667 0.821667
-0.820833 0.820833
-0.82 0.82
-0.819167 0.819167
-0.818333 0.818333
-0.8175 0.8175
-0.816667 0.816667
-0.815833 0.815833
-0.815 0.815
-0.814167 0.814167
-0.813333 0.813333
-0.8125 0.8125
-0.811667 0.811667
-0.810833 0.810833
-0.81 0.81
-0.809167 0.809167
-0.808333 0.808333
-0.8075 0.8075
-0.806667 0.806667
-0.805833 0.805833
-0.805 0.805
-0.804167 0.804167
-0.803333 0.803333
-0.8025 0.8025
-0.801667 0.801667
-0.800833 0.800833
-0.8 0.8
-0.799167 0.799167
-0.798333 0.798333
-0.7975 0.7975
-0.796667 0.796667
-0.795833 0.795833
-0.795 0.795
-0.794167 0.794167
-0.793333 0.793333
-0.7925 0.7925
-0.791667 0.791667
-0.790833 0.790833
-0.79 0.79
-0.789167 0.789167
-0.788333 0.788333
-0.7875 0.7875
-0.786667 0.786667
-0.785833 0.785833
-0.785 0.785
-0.784167 0.784167
-0.783333 0.783333
-0.7825 0.7825
-0.781667 0.781667
-0.780833 0.780833
-0.78 0.78
-0.779167 0.779167
-0.778333 0.778333
-0.7775 0.7775
-0.776667 0.776667
-0.775833 0.775833
-0.775 0.775
-0.774167 0.774167
-0.773333 0.773333
-0.7725 0.7725
-0.771667 0.771667
-0.770833 0.770833
-0.77 0.77
-0.769167 0.769167
-0.768333 0.768333
-0.7675 0.7675
-0.766667 0.766667
-0.765833 0.765833
-0.765 0.765
-0.764167 0.764167
-0.763333 0.763333
-0.7625 0.7625
-0.761667 0.761667
-0.760833 0.760833
-0.76 0.76
-0.759167 0.759167
-0.758333 0.758333
-0.7575 0.7575
-0.756667 0.756667
-0.755833 0.755833
-0.755 0.755
-0.754167 0.754167
-0.753333 0.753333
-0.7525 0.7525
-0.751667 0.751667
-0.750833 0.750833
-0.75 0.75
-0.749167 0.749167
-0.748333 0.748333
-0.7475 0.7475
-0.746667 0.746667
-0.745833 0.745833
-0.745 0.745
-0.744167 0.744167
-0.743333 0.743333
-0.7425 0.7425
-0.741667 0.741667
-0.740833 0.740833
-0.74 0.74
-0.739167 0.739167
-0.738333 0.738333
-0.7375 0.7375
-0.736667 0.736667
-0.735833 0.735833
-0.735 0.735
-0.734167 0.734167
-0.733333 0.733333
-0.7325 0.7325
-0.731667 0.731667
-0.730833 0.730833
-0.73 0.73
-0.729167 0.729167
-0.728333 0.728333
-0.7275 0.7275
-0.726667 0.726667
-0.725833 0.725833
-0.725 0.725
-0.724167 0.724167
-0.723333 0.723333
-0.7225 0.7225
-0.721667 0.721667
-0.720833 0.720833
-0.72 0.72
-0.719167 0.719167
-0.718333 0.718333
-0.7175 0.7175
-0.716667 0.716667
-0.715833 0.715833
-0.715 0.715
-0.714167 0.714167
-0.713333 0.713333
-0.7125 0.7125
-0.711667 0.711667
-0.710833 0.710833
-0.71 0.71
-0.709167 0.709167
-0.708333 0.708333
-0.7075 0.7075
-0.706667 0.706667
-0.705833 0.705833
-0.705 0.705
-0.704167 0.704167
-0.703333 0.703333
-0.7025 0.7025
-0.701667 0.701667
-0.700833 0.700833
-0.7 0.7
-0.699167 0.699167
-0.698333 0.698333
-0.6975 0.6975
-0.696667 0.696667
-0.695833 0.695833
-0.695 0.695
-0.694167 0.694167
-0.693333 0.693333
-0.6925 0.6925
-0.691667 0.691667
-0.690833 0.690833
-0.69 0.69
-0.689167 0.689167
-0.688333 0.688333
-0.6875 0.6875
-0.686667 0.686667
-0.685833 0.685833
-0.685 0.685
-0.684167 0.684167
-0.683333 0.683333
-0.6825 0.6825
-0.681667 0.681667
-0.680833 0.680833
-0.68 0.68
-0.679167 0.679167
-0.678333 0.678333
-0.6775 0.6775
-0.676667 0.678333
-0.675833 0.6775
-0.675 0.676667
-0.674167 0.675833
-0.673333 0.675
-0.6725 0.674167
-0.671667 0.673333
-0.670833 0.6725
-0.67 0.671667
-0.669167 0.670833
-0.668333 0.67
-0.6675 0.669167
-0.666667 0.668333
-0.665833 0.6675
-0.665 0.666667
-0.664167 0.665833
-0.663333 0.665
-0.6625 0.664167
-0.661667 0.663333
-0.660833 0.6625
-0.66 0.661667
-0.659167 0.660833
-0.658333 0.66
-0.6575 0.659167
-0.656667 0.658333
-0.655833 0.6575
-0.655 0.656667
-0.654167 0.655833
-0.653333 0.655
-0.6525 0.654167
-0.651667 0.653333
-0.650833 0.6525
-0.65 0.651667
-0.649167 0.650833
-0.648333 0.65
-0.6475 0.649167
-0.646667 0.648333
-0.645833 0.6475
-0.645 0.646667
-0.644167 0.645833
-0.643333 0.645
-0.6425 0.644167
-0.641667 0.643333
-0.640833 0.6425
-0.64 0.641667
-0.639167 0.640833
-0.638333 0.641667
-0.6375 0.640833
-0.636667 0.64
-0.635833 0.639167
-0.635 0.638333
-0.634167 0.6375
-0.633333 0.636667
-0.6325 0.635833
-0.631667 0.635
-0.630833 0.634167
-0.63 0.633333
-0.629167 0.6325
-0.628333 0.631667
-0.6275 0.630833
-0.626667 0.63
-0.625833 0.629167
-0.625 0.628333
-0.624167 0.629167
-0.623333 0.628333
-0.6225 0.6275
-0.621667 0.626667
-0.620833 0.625833
-0.62 0.625
-0.619167 0.624167
-0.618333 0.623333
-0.6175 0.6225
-0.616667 0.621667
-0.615833 0.620833
-0.615 0.62
-0.614167 0.619167
-0.613333 0.618333
-0.6125 0.6175
-0.611667 0.616667
-0.610833 0.6175
-0.61 0.616667
-0.609167 0.615833
-0.608333 0.615
-0.6075 0.615833
-0.606667 0.615
-0.605833 0.614167
-0.605 0.613333
-0.604167 0.6125
-0.603333 0.611667
-0.6025 0.610833
-0.601667 0.61
-0.600833 0.609167
-0.6 0.608333
-0.599167 0.6075
-0.598333 0.606667
-0.5975 0.605833
-0.596667 0.605
-0.595833 0.604167
-0.595 0.603333
-0.594167 0.6025
-0.593333 0.601667
-0.5925 0.600833
-0.591667 0.6
-0.590833 0.599167
-0.59 0.598333
-0.589167 0.5975
-0.588333 0.596667
-0.5875 0.595833
-0.586667 0.595
-0.585833 0.594167
-0.585 0.595
-0.584167 0.594167
-0.583333 0.593333
-0.5825 0.5925
-0.581667 0.591667
-0.580833 0.590833
-0.58 0.59
-0.579167 0.589167
-0.578333 0.588333
-0.5775 0.5875
-0.576667 0.586667
-0.575833 0.585833
-0.575 0.585
-0.574167 0.584167
-0.573333 0.583333
-0.5725 0.5825
-0.571667 0.581667
-0.570833 0.580833
-0.57 0.58
-0.569167 0.579167
-0.568333 0.578333
-0.5675 0.5775
-0.566667 0.576667
-0.565833 0.575833
-0.565 0.575
-0.564167 0.574167
-0.563333 0.573333
-0.5625 0.5725
-0.561667 0.571667
-0.560833 0.570833
-0.56 0.57
-0.559167 0.569167
-0.558333 0.568333
-0.5575 0.5675
-0.556667 0.566667
-0.555833 0.565833
-0.555 0.565
-0.554167 0.565833
-0.553333 0.565
-0.5525 0.564167
-0.551667 0.563333
-0.550833 0.5625
-0.55 0.561667
-0.549167 0.560833
-0.548333 0.56
-0.5475 0.559167
-0.546667 0.558333
-0.545833 0.559167
-0.545 0.558333
-0.544167 0.5575
-0.543333 0.556667
-0.5425 0.555833
-0.541667 0.555
-0.540833 0.554167
-0.54 0.553333
-0.539167 0.5525
-0.538333 0.551667
-0.5375 0.550833
-0.536667 0.55
-0.535833 0.549167
-0.535 0.548333
-0.534167 0.5475
-0.533333 0.546667
-0.5325 0.545833
-0.531667 0.546667
-0.530833 0.545833
-0.53 0.545
-0.529167 0.544167
-0.528333 0.543333
-0.5275 0.5425
-0.526667 0.541667
-0.525833 0.540833
-0.525 0.54
-0.524167 0.539167
-0.523333 0.538333
-0.5225 0.5375
-0.521667 0.536667
-0.520833 0.535833
-0.52 0.535
-0.519167 0.534167
-0.518333 0.533333
-0.5175 0.5325
-0.516667 0.533333
-0.515833 0.5325
-0.515 0.531667
-0.514167 0.530833
-0.513333 0.53
-0.5125 0.529167
-0.511667 0.528333
-0.510833 0.5275
-0.51 0.526667
-0.509167 0.525833
-0.508333 0.525
-0.5075 0.524167
-0.506667 0.525
-0.505833 0.524167
-0.505 0.523333
-0.504167 0.5225
-0.503333 0.521667
-0.5025 0.520833
-0.501667 0.521667
-0.500833 0.5225
-0.5 0.521667
-0.499167 0.520833
-0.498333 0.52
-0.4975 0.519167
-0.496667 0.518333
-0.495833 0.5175
-0.495 0.516667
-0.494167 0.515833
-0.493333 0.515
-0.4925 0.514167
-0.491667 0.513333
-0.490833 0.5125
-0.49 0.511667
-0.489167 0.510833
-0.488333 0.51
-0.4875 0.509167
-0.486667 0.508333
-0.485833 0.5075
-0.485 0.506667
-0.484167 0.505833
-0.483333 0.505
-0.4825 0.504167
-0.481667 0.503333
-0.480833 0.5025
-0.48 0.501667
-0.479167 0.500833
-0.478333 0.5
-0.4775 0.499167
-0.476667 0.5
-0.475833 0.499167
-0.475 0.5
-0.474167 0.499167
-0.473333 0.498333
-0.4725 0.4975
-0.471667 0.496667
-0.470833 0.495833
-0.47 0.495
-0.469167 0.494167
-0.468333 0.493333
-0.4675 0.4925
-0.466667 0.491667
-0.465833 0.490833
-0.465 0.491667
-0.464167 0.490833
-0.463333 0.49
-0.4625 0.489167
-0.461667 0.488333
-0.460833 0.4875
-0.46 0.486667
-0.459167 0.485833
-0.458333 0.486667
-0.4575 0.485833
-0.456667 0.485
-0.455833 0.485833
-0.455 0.485
-0.454167 0.485833
-0.453333 0.485
-0.4525 0.484167
-0.451667 0.483333
-0.450833 0.4825
-0.45 0.481667
-0.449167 0.480833
-0.448333 0.48
-0.4475 0.480833
-0.446667 0.481667
-0.445833 0.4825
-0.445 0.481667
-0.444167 0.480833
-0.443333 0.48
-0.4425 0.479167
-0.441667 0.478333
-0.440833 0.4775
-0.44 0.476667
-0.439167 0.475833
-0.438333 0.475
-0.4375 0.474167
-0.436667 0.473333
-0.435833 0.4725
-0.435 0.471667
-0.434167 0.4725
-0.433333 0.473333
-0.4325 0.4725
-0.431667 0.471667
-0.430833 0.470833
-0.43 0.47
-0.429167 0.470833
-0.428333 0.47
-0.4275 0.470833
-0.426667 0.471667
-0.425833 0.470833
-0.425 0.47
-0.424167 0.470833
-0.423333 0.471667
-0.4225 0.470833
-0.421667 0.47
-0.420833 0.469167
-0.42 0.468333
-0.419167 0.4675
-0.418333 0.466667
-0.4175 0.465833
-0.416667 0.465
-0.415833 0.465833
-0.415 0.465
-0.414167 0.464167
-0.413333 0.463333
-0.4125 0.4625
-0.411667 0.461667
-0.410833 0.460833
-0.41 0.46
-0.409167 0.459167
-0.408333 0.458333
-0.4075 0.4575
-0.406667 0.456667
-0.405833 0.455833
-0.405 0.455
-0.404167 0.454167
-0.403333 0.453333
-0.4025 0.4525
-0.401667 0.451667
-0.400833 0.450833
-0.4 0.45
-0.399167 0.449167
-0.398333 0.448333
-0.3975 0.4475
-0.396667 0.446667
-0.395833 0.4475
-0.395 0.446667
-0.394167 0.445833
-0.393333 0.445
-0.3925 0.444167
-0.391667 0.443333
-0.390833 0.4425
-0.39 0.441667
-0.389167 0.440833
-0.388333 0.441667
-0.3875 0.440833
-0.386667 0.44
-0.385833 0.439167
-0.385 0.438333
-0.384167 0.4375
-0.383333 0.436667
-0.3825 0.435833
-0.381667 0.435
-0.380833 0.434167
-0.38 0.433333
-0.379167 0.4325
-0.378333 0.431667
-0.3775 0.430833
-0.376667 0.431667
-0.375833 0.430833
-0.375 0.431667
-0.374167 0.430833
-0.373333 0.431667
-0.3725 0.430833
-0.371667 0.43
-0.370833 0.429167
-0.37 0.428333
-0.369167 0.4275
-0.368333 0.426667
-0.3675 0.425833
-0.366667 0.425
-0.365833 0.425833
-0.365 0.425
-0.364167 0.424167
-0.363333 0.423333
-0.3625 0.4225
-0.361667 0.421667
-0.360833 0.420833
-0.36 0.421667
-0.359167 0.420833
-0.358333 0.42
-0.3575 0.419167
-0.356667 0.418333
-0.355833 0.4175
-0.355 0.416667
-0.354167 0.415833
-0.353333 0.415
-0.3525 0.414167
-0.351667 0.413333
-0.350833 0.4125
-0.35 0.413333
-0.349167 0.4125
-0.348333 0.413333
-0.3475 0.4125
-0.346667 0.411667
-0.345833 0.410833
-0.345 0.41
-0.344167 0.410833
-0.343333 0.411667
-0.3425 0.410833
-0.341667 0.41
-0.340833 0.409167
-0.34 0.408333
-0.339167 0.4075
-0.338333 0.406667
-0.3375 0.4075
-0.336667 0.406667
-0.335833 0.405833
-0.335 0.405
-0.334167 0.404167
-0.333333 0.405
-0.3325 0.404167
-0.331667 0.403333
-0.330833 0.4025
-0.33 0.403333
-0.329167 0.4025
-0.328333 0.401667
-0.3275 0.400833
-0.326667 0.401667
-0.325833 0.4025
-0.325 0.403333
-0.324167 0.404167
-0.323333 0.403333
-0.3225 0.404167
-0.321667 0.403333
-0.320833 0.4025
-0.32 0.401667
-0.319167 0.400833
-0.318333 0.401667
-0.3175 0.400833
-0.316667 0.4
-0.315833 0.400833
-0.315 0.4
-0.314167 0.399167
-0.313333 0.398333
-0.3125 0.399167
-0.311667 0.4
-0.310833 0.399167
-0.31 0.398333
-0.309167 0.3975
-0.308333 0.396667
-0.3075 0.395833
-0.306667 0.395
-0.305833 0.395833
-0.305 0.395
-0.304167 0.394167
-0.303333 0.393333
-0.3025 0.3925
-0.301667 0.393333
-0.300833 0.3925
-0.3 0.393333
-0.299167 0.3925
-0.298333 0.391667
-0.2975 0.3925
-0.296667 0.391667
-0.295833 0.390833
-0.295 0.39
-0.294167 0.390833
-0.293333 0.39
-0.2925 0.389167
-0.291667 0.39
-0.290833 0.389167
-0.29 0.388333
-0.289167 0.3875
-0.288333 0.388333
-0.2875 0.3875
-0.286667 0.386667
-0.285833 0.385833
-0.285 0.385
-0.284167 0.384167
-0.283333 0.383333
-0.2825 0.3825
-0.281667 0.381667
-0.280833 0.380833
-0.28 0.38
-0.279167 0.379167
-0.278333 0.378333
-0.2775 0.3775
-0.276667 0.376667
-0.275833 0.375833
-0.275 0.376667
-0.274167 0.375833
-0.273333 0.375
-0.2725 0.374167
-0.271667 0.373333
-0.270833 0.3725
-0.27 0.373333
-0.269167 0.3725
-0.268333 0.371667
-0.2675 0.370833
-0.266667 0.37
-0.265833 0.370833
-0.265 0.371667
-0.264167 0.370833
-0.263333 0.37
-0.2625 0.369167
-0.261667 0.37
-0.260833 0.369167
-0.26 0.37
-0.259167 0.370833
-0.258333 0.37
-0.2575 0.370833
-0.256667 0.371667
-0.255833 0.370833
-0.255 0.371667
-0.254167 0.370833
-0.253333 0.37
-0.2525 0.369167
-0.251667 0.37
-0.250833 0.369167
-0.25 0.368333
-0.249167 0.3675
-0.248333 0.366667
-0.2475 0.365833
-0.246667 0.365
-0.245833 0.364167
-0.245 0.365
-0.244167 0.364167
-0.243333 0.365
-0.2425 0.364167
-0.241667 0.363333
-0.240833 0.364167
-0.24 0.365
-0.239167 0.364167
-0.238333 0.365
-0.2375 0.364167
-0.236667 0.363333
-0.235833 0.364167
-0.235 0.363333
-0.234167 0.3625
-0.233333 0.361667
-0.2325 0.360833
-0.231667 0.36
-0.230833 0.360833
-0.23 0.36
-0.229167 0.359167
-0.228333 0.36
-0.2275 0.359167
-0.226667 0.36
-0.225833 0.359167
-0.225 0.358333
-0.224167 0.3575
-0.223333 0.358333
-0.2225 0.3575
-0.221667 0.358333
-0.220833 0.3575
-0.22 0.358333
-0.219167 0.359167
-0.218333 0.358333
-0.2175 0.3575
-0.216667 0.356667
-0.215833 0.355833
-0.215 0.356667
-0.214167 0.355833
-0.213333 0.355
-0.2125 0.355833
-0.211667 0.355
-0.210833 0.354167
-0.21 0.353333
-0.209167 0.3525
-0.208333 0.353333
-0.2075 0.354167
-0.206667 0.353333
-0.205833 0.3525
-0.205 0.351667
-0.204167 0.350833
-0.203333 0.351667
-0.2025 0.350833
-0.201667 0.35
-0.200833 0.349167
-0.2 0.348333
-0.199167 0.349167
-0.198333 0.348333
-0.1975 0.3475
-0.196667 0.348333
-0.195833 0.3475
-0.195 0.346667
-0.194167 0.345833
-0.193333 0.345
-0.1925 0.344167
-0.191667 0.343333
-0.190833 0.3425
-0.19 0.343333
-0.189167 0.344167
-0.188333 0.345
-0.1875 0.344167
-0.186667 0.343333
-0.185833 0.3425
-0.185 0.341667
-0.184167 0.340833
-0.183333 0.341667
-0.1825 0.340833
-0.181667 0.34
-0.180833 0.339167
-0.18 0.338333
-0.179167 0.3375
-0.178333 0.336667
-0.1775 0.335833
-0.176667 0.335
-0.175833 0.335833
-0.175 0.335
-0.174167 0.334167
-0.173333 0.333333
-0.1725 0.3325
-0.171667 0.331667
-0.170833 0.330833
-0.17 0.331667
-0.169167 0.330833
-0.168333 0.33
-0.1675 0.330833
-0.166667 0.33
-0.165833 0.330833
-0.165 0.331667
-0.164167 0.330833
-0.163333 0.33
-0.1625 0.329167
-0.161667 0.328333
-0.160833 0.3275
-0.16 0.328333
-0.159167 0.3275
-0.158333 0.328333
-0.1575 0.3275
-0.156667 0.326667
-0.155833 0.325833
-0.155 0.325
-0.154167 0.324167
-0.153333 0.323333
-0.1525 0.324167
-0.151667 0.323333
-0.150833 0.3225
-0.15 0.321667
-0.149167 0.3225
-0.148333 0.321667
-0.1475 0.3225
-0.146667 0.323333
-0.145833 0.3225
-0.145 0.321667
-0.144167 0.3225
-0.143333 0.321667
-0.1425 0.3225
-0.141667 0.323333
-0.140833 0.324167
-0.14 0.325
-0.139167 0.324167
-0.138333 0.323333
-0.1375 0.3225
-0.136667 0.321667
-0.135833 0.3225
-0.135 0.321667
-0.134167 0.320833
-0.133333 0.32
-0.1325 0.319167
-0.131667 0.318333
-0.130833 0.319167
-0.13 0.32
-0.129167 0.320833
-0.128333 0.32
-0.1275 0.319167
-0.126667 0.318333
-0.125833 0.3175
-0.125 0.316667
-0.124167 0.3175
-0.123333 0.316667
-0.1225 0.3175
-0.121667 0.316667
-0.120833 0.3175
-0.12 0.318333
-0.119167 0.319167
-0.118333 0.32
-0.1175 0.319167
-0.116667 0.32
-0.115833 0.319167
-0.115 0.318333
-0.114167 0.3175
-0.113333 0.318333
-0.1125 0.319167
-0.111667 0.32
-0.110833 0.320833
-0.11 0.321667
-0.109167 0.3225
-0.108333 0.323333
-0.1075 0.3225
-0.106667 0.321667
-0.105833 0.3225
-0.105 0.323333
-0.104167 0.3225
-0.103333 0.321667
-0.1025 0.320833
-0.101667 0.321667
-0.100833 0.3225
-0.1 0.323333
-0.0991667 0.324167
-0.0983333 0.325
-0.0975 0.325833
-0.0966667 0.326667
-0.0958333 0.3275
-0.095 0.326667
-0.0941667 0.3275
-0.0933333 0.328333
-0.0925 0.3275
-0.0916667 0.328333
-0.0908333 0.3275
-0.09 0.326667
-0.0891667 0.3275
-0.0883333 0.326667
-0.0875 0.325833
-0.0866667 0.325
-0.0858333 0.324167
-0.085 0.323333
-0.0841667 0.324167
-0.0833333 0.323333
-0.0825 0.324167
-0.0816667 0.323333
-0.0808333 0.3225
-0.08 0.321667
-0.0791667 0.320833
-0.0783333 0.32
-0.0775 0.319167
-0.0766667 0.318333
-0.0758333 0.3175
-0.075 0.318333
-0.0741667 0.319167
-0.0733333 0.318333
-0.0725 0.3175
-0.0716667 0.316667
-0.0708333 0.3175
-0.07 0.316667
-0.0691667 0.315833
-0.0683333 0.315
-0.0675 0.314167
-0.0666667 0.313333
-0.0658333 0.3125
-0.065 0.311667
-0.0641667 0.310833
-0.0633333 0.31
-0.0625 0.309167
-0.0616667 0.31
-0.0608333 0.309167
-0.06 0.308333
-0.0591667 0.309167
-0.0583333 0.31
-0.0575 0.310833
-0.0566667 0.31
-0.0558333 0.309167
-0.055 0.308333
-0.0541667 0.3075
-0.0533333 0.308333
-0.0525 0.309167
-0.0516667 0.31
-0.0508333 0.310833
-0.05 0.311667
-0.0491667 0.310833
-0.0483333 0.31
-0.0475 0.309167
-0.0466667 0.31
-0.0458333 0.309167
-0.045 0.308333
-0.0441667 0.3075
-0.0433333 0.306667
-0.0425 0.305833
-0.0416667 0.306667
-0.0408333 0.305833
-0.04 0.306667
-0.0391667 0.305833
-0.0383333 0.305
-0.0375 0.305833
-0.0366667 0.306667
-0.0358333 0.3075
-0.035 0.308333
-0.0341667 0.3075
-0.0333333 0.306667
-0.0325 0.3075
-0.0316667 0.308333
-0.0308333 0.309167
-0.03 0.31
-0.0291667 0.309167
-0.0283333 0.308333
-0.0275 0.3075
-0.0266667 0.306667
-0.0258333 0.3075
-0.025 0.306667
-0.0241667 0.3075
-0.0233333 0.306667
-0.0225 0.305833
-0.0216667 0.306667
-0.0208333 0.3075
-0.02 0.306667
-0.0191667 0.3075
-0.0183333 0.308333
-0.0175 0.309167
-0.0166667 0.308333
-0.0158333 0.3075
-0.015 0.308333
-0.0141667 0.309167
-0.0133333 0.31
-0.0125 0.309167
-0.0116667 0.308333
-0.0108333 0.3075
-0.01 0.308333
-0.00916667 0.3075
-0.00833333 0.308333
-0.0075 0.3075
-0.00666667 0.308333
-0.00583333 0.309167
-0.005 0.31
-0.00416667 0.309167
-0.00333333 0.308333
-0.0025 0.3075
-0.00166667 0.306667
-0.000833333 0.305833
0 0.306667
0.000833333 0.3075
0.00166667 0.306667
0.0025 0.305833
0.00333333 0.306667
0.00416667 0.3075
0.005 0.308333
0.00583333 0.309167
0.00666667 0.31
0.0075 0.310833
0.00833333 0.31
0.00916667 0.309167
0.01 0.308333
0.0108333 0.309167
0.0116667 0.308333
0.0125 0.3075
0.0133333 0.306667
0.0141667 0.3075
0.015 0.308333
0.0158333 0.309167
0.0166667 0.308333
0.0175 0.3075
0.0183333 0.308333
0.0191667 0.309167
0.02 0.308333
0.0208333 0.3075
0.0216667 0.306667
0.0225 0.305833
0.0233333 0.306667
0.0241667 0.305833
0.025 0.306667
0.0258333 0.3075
0.0266667 0.306667
0.0275 0.305833
0.0283333 0.305
0.0291667 0.304167
0.03 0.305
0.0308333 0.305833
0.0316667 0.305
0.0325 0.304167
0.0333333 0.303333
0.0341667 0.3025
0.035 0.303333
0.0358333 0.3025
0.0366667 0.303333
0.0375 0.3025
0.0383333 0.301667
0.0391667 0.300833
0.04 0.3
0.0408333 0.299167
0.0416667 0.298333
0.0425 0.2975
0.0433333 0.298333
0.0441667 0.2975
0.045 0.298333
0.0458333 0.299167
0.0466667 0.298333
0.0475 0.299167
0.0483333 0.3
0.0491667 0.299167
0.05 0.3
0.0508333 0.300833
0.0516667 0.3
0.0525 0.300833
0.0533333 0.3
0.0541667 0.300833
0.055 0.301667
0.0558333 0.3025
0.0566667 0.303333
0.0575 0.304167
0.0583333 0.305
0.0591667 0.305833
0.06 0.306667
0.0608333 0.305833
0.0616667 0.306667
0.0625 0.3075
0.0633333 0.306667
0.0641667 0.3075
0.065 0.306667
0.0658333 0.305833
0.0666667 0.306667
0.0675 0.305833
0.0683333 0.305
0.0691667 0.305833
0.07 0.306667
0.0708333 0.3075
0.0716667 0.308333
0.0725 0.309167
0.0733333 0.31
0.0741667 0.310833
0.075 0.31
0.0758333 0.310833
0.0766667 0.311667
0.0775 0.3125
0.0783333 0.313333
0.0791667 0.314167
0.08 0.313333
0.0808333 0.3125
0.0816667 0.313333
0.0825 0.314167
0.0833333 0.315
0.0841667 0.315833
0.085 0.315
0.0858333 0.314167
0.0866667 0.315
0.0875 0.314167
0.0883333 0.313333
0.0891667 0.314167
0.09 0.315
0.0908333 0.315833
0.0916667 0.316667
0.0925 0.3175
0.0933333 0.318333
0.0941667 0.319167
0.095 0.32
0.0958333 0.319167
0.0966667 0.318333
0.0975 0.319167
0.0983333 0.318333
0.0991667 0.3175
0.1 0.316667
0.100833 0.315833
0.101667 0.316667
0.1025 0.315833
0.103333 0.315
0.104167 0.314167
0.105 0.315
0.105833 0.314167
0.106667 0.315
0.1075 0.315833
0.108333 0.315
0.109167 0.314167
0.11 0.315
0.110833 0.314167
0.111667 0.315
0.1125 0.315833
0.113333 0.316667
0.114167 0.315833
0.115 0.315
0.115833 0.315833
0.116667 0.316667
0.1175 0.3175
0.118333 0.316667
0.119167 0.315833
0.12 0.316667
0.120833 0.315833
0.121667 0.315
0.1225 0.314167
0.123333 0.315
0.124167 0.314167
0.125 0.315
0.125833 0.314167
0.126667 0.313333
0.1275 0.3125
0.128333 0.311667
0.129167 0.310833
0.13 0.311667
0.130833 0.3125
0.131667 0.313333
0.1325 0.3125
0.133333 0.311667
0.134167 0.3125
0.135 0.311667
0.135833 0.3125
0.136667 0.313333
0.1375 0.314167
0.138333 0.315
0.139167 0.314167
0.14 0.315
0.140833 0.315833
0.141667 0.316667
0.1425 0.3175
0.143333 0.318333
0.144167 0.319167
0.145 0.32
0.145833 0.319167
0.146667 0.32
0.1475 0.320833
0.148333 0.321667
0.149167 0.320833
0.15 0.32
0.150833 0.320833
0.151667 0.321667
0.1525 0.3225
0.153333 0.321667
0.154167 0.320833
0.155 0.32
0.155833 0.319167
0.156667 0.318333
0.1575 0.3175
0.158333 0.318333
0.159167 0.319167
0.16 0.32
0.160833 0.319167
0.161667 0.32
0.1625 0.320833
0.163333 0.321667
0.164167 0.3225
0.165 0.321667
0.165833 0.3225
0.166667 0.323333
0.1675 0.324167
0.168333 0.325
0.169167 0.325833
0.17 0.326667
0.170833 0.3275
0.171667 0.328333
0.1725 0.329167
0.173333 0.33
0.174167 0.329167
0.175 0.33
0.175833 0.330833
0.176667 0.331667
0.1775 0.3325
0.178333 0.333333
0.179167 0.334167
0.18 0.335
0.180833 0.334167
0.181667 0.335
0.1825 0.335833
0.183333 0.335
0.184167 0.335833
0.185 0.336667
0.185833 0.335833
0.186667 0.336667
0.1875 0.3375
0.188333 0.336667
0.189167 0.3375
0.19 0.338333
0.190833 0.339167
0.191667 0.338333
0.1925 0.3375
0.193333 0.338333
0.194167 0.339167
0.195 0.338333
0.195833 0.339167
0.196667 0.34
0.1975 0.340833
0.198333 0.34
0.199167 0.339167
0.2 0.34
0.200833 0.339167
0.201667 0.34
0.2025 0.340833
0.203333 0.341667
0.204167 0.3425
0.205 0.343333
0.205833 0.3425
0.206667 0.343333
0.2075 0.344167
0.208333 0.343333
0.209167 0.3425
0.21 0.341667
0.210833 0.340833
0.211667 0.341667
0.2125 0.3425
0.213333 0.343333
0.214167 0.344167
0.215 0.343333
0.215833 0.344167
0.216667 0.345
0.2175 0.345833
0.218333 0.345
0.219167 0.344167
0.22 0.345
0.220833 0.344167
0.221667 0.345
0.2225 0.345833
0.223333 0.346667
0.224167 0.345833
0.225 0.346667
0.225833 0.3475
0.226667 0.348333
0.2275 0.349167
0.228333 0.35
0.229167 0.350833
0.23 0.351667
0.230833 0.3525
0.231667 0.353333
0.2325 0.354167
0.233333 0.355
0.234167 0.355833
0.235 0.355
0.235833 0.354167
0.236667 0.355
0.2375 0.354167
0.238333 0.355
0.239167 0.355833
0.24 0.355
0.240833 0.355833
0.241667 0.356667
0.2425 0.355833
0.243333 0.355
0.244167 0.355833
0.245 0.356667
0.245833 0.3575
0.246667 0.356667
0.2475 0.3575
0.248333 0.356667
0.249167 0.3575
0.25 0.358333
0.250833 0.3575
0.251667 0.358333
0.2525 0.359167
0.253333 0.358333
0.254167 0.3575
0.255 0.358333
0.255833 0.3575
0.256667 0.356667
0.2575 0.3575
0.258333 0.358333
0.259167 0.359167
0.26 0.36
0.260833 0.360833
0.261667 0.361667
0.2625 0.3625
0.263333 0.363333
0.264167 0.364167
0.265 0.365
0.265833 0.365833
0.266667 0.366667
0.2675 0.3675
0.268333 0.366667
0.269167 0.3675
0.27 0.368333
0.270833 0.369167
0.271667 0.368333
0.2725 0.3675
0.273333 0.368333
0.274167 0.369167
0.275 0.37
0.275833 0.369167
0.276667 0.37
0.2775 0.370833
0.278333 0.37
0.279167 0.370833
0.28 0.371667
0.280833 0.3725
0.281667 0.371667
0.2825 0.3725
0.283333 0.373333
0.284167 0.374167
0.285 0.373333
0.285833 0.374167
0.286667 0.375
0.2875 0.375833
0.288333 0.375
0.289167 0.375833
0.29 0.376667
0.290833 0.3775
0.291667 0.378333
0.2925 0.379167
0.293333 0.378333
0.294167 0.3775
0.295 0.378333
0.295833 0.379167
0.296667 0.38
0.2975 0.380833
0.298333 0.381667
0.299167 0.3825
0.3 0.383333
0.300833 0.384167
0.301667 0.385
0.3025 0.385833
0.303333 0.386667
0.304167 0.385833
0.305 0.386667
0.305833 0.3875
0.306667 0.388333
0.3075 0.389167
0.308333 0.39
0.309167 0.390833
0.31 0.391667
0.310833 0.390833
0.311667 0.391667
0.3125 0.3925
0.313333 0.391667
0.314167 0.3925
0.315 0.393333
0.315833 0.394167
0.316667 0.395
0.3175 0.395833
0.318333 0.396667
0.319167 0.3975
0.32 0.398333
0.320833 0.399167
0.321667 0.4
0.3225 0.400833
0.323333 0.401667
0.324167 0.4025
0.325 0.403333
0.325833 0.404167
0.326667 0.405
0.3275 0.404167
0.328333 0.403333
0.329167 0.404167
0.33 0.405
0.330833 0.405833
0.331667 0.406667
0.3325 0.4075
0.333333 0.408333
0.334167 0.409167
0.335 0.41
0.335833 0.410833
0.336667 0.41
0.3375 0.410833
0.338333 0.411667
0.339167 0.410833
0.34 0.411667
0.340833 0.4125
0.341667 0.413333
0.3425 0.414167
0.343333 0.415
0.344167 0.415833
0.345 0.416667
0.345833 0.4175
0.346667 0.418333
0.3475 0.419167
0.348333 0.42
0.349167 0.420833
0.35 0.421667
0.350833 0.4225
0.351667 0.421667
0.3525 0.4225
0.353333 0.421667
0.354167 0.4225
0.355 0.421667
0.355833 0.420833
0.356667 0.42
0.3575 0.420833
0.358333 0.421667
0.359167 0.4225
0.36 0.423333
0.360833 0.424167
0.361667 0.423333
0.3625 0.424167
0.363333 0.425
0.364167 0.425833
0.365 0.425
0.365833 0.425833
0.366667 0.425
0.3675 0.425833
0.368333 0.425
0.369167 0.425833
0.37 0.426667
0.370833 0.4275
0.371667 0.428333
0.3725 0.429167
0.373333 0.43
0.374167 0.430833
0.375 0.431667
0.375833 0.4325
0.376667 0.433333
0.3775 0.434167
0.378333 0.435
0.379167 0.435833
0.38 0.436667
0.380833 0.4375
0.381667 0.438333
0.3825 0.4375
0.383333 0.436667
0.384167 0.4375
0.385 0.438333
0.385833 0.439167
0.386667 0.44
0.3875 0.439167
0.388333 0.44
0.389167 0.439167
0.39 0.438333
0.390833 0.439167
0.391667 0.44
0.3925 0.440833
0.393333 0.44
0.394167 0.440833
0.395 0.44
0.395833 0.440833
0.396667 0.441667
0.3975 0.4425
0.398333 0.443333
0.399167 0.4425
0.4 0.443333
0.400833 0.444167
0.401667 0.445
0.4025 0.445833
0.403333 0.446667
0.404167 0.4475
0.405 0.448333
0.405833 0.449167
0.406667 0.448333
0.4075 0.449167
0.408333 0.45
0.409167 0.450833
0.41 0.451667
0.410833 0.4525
0.411667 0.453333
0.4125 0.454167
0.413333 0.453333
0.414167 0.454167
0.415 0.453333
0.415833 0.4525
0.416667 0.453333
0.4175 0.454167
0.418333 0.455
0.419167 0.455833
0.42 0.456667
0.420833 0.4575
0.421667 0.458333
0.4225 0.459167
0.423333 0.46
0.424167 0.460833
0.425 0.461667
0.425833 0.4625
0.426667 0.463333
0.4275 0.464167
0.428333 0.465
0.429167 0.465833
0.43 0.466667
0.430833 0.4675
0.431667 0.468333
0.4325 0.469167
0.433333 0.47
0.434167 0.470833
0.435 0.471667
0.435833 0.4725
0.436667 0.473333
0.4375 0.474167
0.438333 0.475
0.439167 0.475833
0.44 0.476667
0.440833 0.4775
0.441667 0.478333
0.4425 0.479167
0.443333 0.48
0.444167 0.480833
0.445 0.481667
0.445833 0.4825
0.446667 0.483333
0.4475 0.484167
0.448333 0.485
0.449167 0.485833
0.45 0.486667
0.450833 0.4875
0.451667 0.488333
0.4525 0.489167
0.453333 0.49
0.454167 0.490833
0.455 0.491667
0.455833 0.4925
0.456667 0.493333
0.4575 0.494167
0.458333 0.495
0.459167 0.495833
0.46 0.496667
0.460833 0.495833
0.461667 0.496667
0.4625 0.495833
0.463333 0.496667
0.464167 0.4975
0.465 0.498333
0.465833 0.4975
0.466667 0.496667
0.4675 0.495833
0.468333 0.496667
0.469167 0.4975
0.47 0.496667
0.470833 0.495833
0.471667 0.495
0.4725 0.495833
0.473333 0.496667
0.474167 0.4975
0.475 0.498333
0.475833 0.499167
0.476667 0.5
0.4775 0.500833
0.478333 0.501667
0.479167 0.5025
0.48 0.503333
0.480833 0.504167
0.481667 0.505
0.4825 0.505833
0.483333 0.506667
0.484167 0.5075
0.485 0.508333
0.485833 0.509167
0.486667 0.51
0.4875 0.510833
0.488333 0.511667
0.489167 0.5125
0.49 0.513333
0.490833 0.514167
0.491667 0.515
0.4925 0.514167
0.493333 0.515
0.494167 0.515833
0.495 0.516667
0.495833 0.5175
0.496667 0.518333
0.4975 0.519167
0.498333 0.52
0.499167 0.520833
0.5 0.521667
0.500833 0.5225
0.501667 0.523333
0.5025 0.524167
0.503333 0.525
0.504167 0.525833
0.505 0.526667
0.505833 0.5275
0.506667 0.528333
0.5075 0.529167
0.508333 0.53
0.509167 0.530833
0.51 0.531667
0.510833 0.5325
0.511667 0.533333
0.5125 0.534167
0.513333 0.533333
0.514167 0.5325
0.515 0.531667
0.515833 0.5325
0.516667 0.533333
0.5175 0.534167
0.518333 0.535
0.519167 0.534167
0.52 0.535
0.520833 0.535833
0.521667 0.536667
0.5225 0.5375
0.523333 0.538333
0.524167 0.539167
0.525 0.54
0.525833 0.540833
0.526667 0.541667
0.5275 0.5425
0.528333 0.541667
0.529167 0.5425
0.53 0.543333
0.530833 0.544167
0.531667 0.545
0.5325 0.545833
0.533333 0.545
0.534167 0.545833
0.535 0.546667
0.535833 0.545833
0.536667 0.546667
0.5375 0.5475
0.538333 0.548333
0.539167 0.549167
0.54 0.55
0.540833 0.550833
0.541667 0.551667
0.5425 0.5525
0.543333 0.553333
0.544167 0.554167
0.545 0.555
0.545833 0.555833
0.546667 0.556667
0.5475 0.5575
0.548333 0.558333
0.549167 0.559167
0.55 0.56
0.550833 0.560833
0.551667 0.561667
0.5525 0.5625
0.553333 0.563333
0.554167 0.564167
0.555 0.565
0.555833 0.565833
0.556667 0.566667
0.5575 0.5675
0.558333 0.568333
0.559167 0.569167
0.56 0.57
0.560833 0.570833
0.561667 0.571667
0.5625 0.5725
0.563333 0.573333
0.564167 0.574167
0.565 0.575
0.565833 0.575833
0.566667 0.575
0.5675 0.575833
0.568333 0.576667
0.569167 0.5775
0.57 0.578333
0.570833 0.579167
0.571667 0.58
0.5725 0.580833
0.573333 0.581667
0.574167 0.5825
0.575 0.583333
0.575833 0.584167
0.576667 0.585
0.5775 0.585833
0.578333 0.586667
0.579167 0.5875
0.58 0.588333
0.580833 0.589167
0.581667 0.59
0.5825 0.590833
0.583333 0.591667
0.584167 0.5925
0.585 0.591667
0.585833 0.5925
0.586667 0.593333
0.5875 0.594167
0.588333 0.595
0.589167 0.595833
0.59 0.596667
0.590833 0.5975
0.591667 0.598333
0.5925 0.5975
0.593333 0.598333
0.594167 0.599167
0.595 0.6
0.595833 0.600833
0.596667 0.6
0.5975 0.600833
0.598333 0.6
0.599167 0.600833
0.6 0.601667
0.600833 0.6025
0.601667 0.603333
0.6025 0.604167
0.603333 0.605
0.604167 0.605833
0.605 0.606667
0.605833 0.6075
0.606667 0.608333
0.6075 0.609167
0.608333 0.61
0.609167 0.610833
0.61 0.611667
0.610833 0.6125
0.611667 0.613333
0.6125 0.614167
0.613333 0.615
0.614167 0.615833
0.615 0.616667
0.615833 0.6175
0.616667 0.618333
0.6175 0.619167
0.618333 0.62
0.619167 0.620833
0.62 0.621667
0.620833 0.6225
0.621667 0.623333
0.6225 0.624167
0.623333 0.625
0.624167 0.625833
0.625 0.626667
0.625833 0.6275
0.626667 0.628333
0.6275 0.629167
0.628333 0.63
0.629167 0.630833
0.63 0.631667
0.630833 0.6325
0.631667 0.633333
0.6325 0.634167
0.633333 0.635
0.634167 0.635833
0.635 0.636667
0.635833 0.6375
0.636667 0.638333
0.6375 0.639167
0.638333 0.64
0.639167 0.640833
0.64 0.641667
0.640833 0.6425
0.641667 0.643333
0.6425 0.644167
0.643333 0.645
0.644167 0.645833
0.645 0.646667
0.645833 0.6475
0.646667 0.648333
0.6475 0.649167
0.648333 0.65
0.649167 0.650833
0.65 0.651667
0.650833 0.6525
0.651667 0.653333
0.6525 0.654167
0.653333 0.655
0.654167 0.655833
0.655 0.656667
0.655833 0.6575
0.656667 0.658333
0.6575 0.659167
0.658333 0.66
0.659167 0.660833
0.66 0.661667
0.660833 0.6625
0.661667 0.663333
0.6625 0.664167
0.663333 0.665
0.664167 0.665833
0.665 0.666667
0.665833 0.6675
0.666667 0.668333
0.6675 0.669167
0.668333 0.67
0.669167 0.670833
0.67 0.671667
0.670833 0.6725
0.671667 0.673333
0.6725 0.674167
0.673333 0.675
0.674167 0.675833
0.675 0.676667
0.675833 0.6775
0.676667 0.678333
0.6775 0.679167
0.678333 0.68
0.679167 0.680833
0.68 0.681667
0.680833 0.6825
0.681667 0.683333
0.6825 0.684167
0.683333 0.685
0.684167 0.685833
0.685 0.686667
0.685833 0.6875
0.686667 0.688333
0.6875 0.689167
0.688333 0.69
0.689167 0.690833
0.69 0.691667
0.690833 0.6925
0.691667 0.693333
0.6925 0.694167
0.693333 0.695
0.694167 0.695833
0.695 0.696667
0.695833 0.6975
0.696667 0.698333
0.6975 0.699167
0.698333 0.7
0.699167 0.700833
0.7 0.701667
0.700833 0.7025
0.701667 0.703333
0.7025 0.704167
0.703333 0.705
0.704167 0.705833
0.705 0.706667
0.705833 0.7075
0.706667 0.708333
0.7075 0.709167
0.708333 0.71
0.709167 0.710833
0.71 0.711667
0.710833 0.7125
0.711667 0.713333
0.7125 0.714167
0.713333 0.715
0.714167 0.715833
0.715 0.716667
0.715833 0.7175
0.716667 0.718333
0.7175 0.719167
0.718333 0.72
0.719167 0.720833
0.72 0.721667
0.720833 0.7225
0.721667 0.723333
0.7225 0.724167
0.723333 0.725
0.724167 0.725833
0.725 0.726667
0.725833 0.7275
0.726667 0.728333
0.7275 0.729167
0.728333 0.73
0.729167 0.730833
0.73 0.731667
0.730833 0.7325
0.731667 0.733333
0.7325 0.734167
0.733333 0.735
0.734167 0.735833
0.735 0.736667
0.735833 0.7375
0.736667 0.738333
0.7375 0.739167
0.738333 0.74
0.739167 0.740833
0.74 0.741667
0.740833 0.7425
0.741667 0.743333
0.7425 0.744167
0.743333 0.745
0.744167 0.745833
0.745 0.746667
0.745833 0.7475
0.746667 0.748333
0.7475 0.749167
0.748333 0.75
0.749167 0.750833
0.75 0.751667
0.750833 0.7525
0.751667 0.753333
0.7525 0.754167
0.753333 0.755
0.754167 0.755833
0.755 0.756667
0.755833 0.7575
0.756667 0.758333
0.7575 0.759167
0.758333 0.76
0.759167 0.760833
0.76 0.761667
0.760833 0.7625
0.761667 0.763333
0.7625 0.764167
0.763333 0.765
0.764167 0.765833
0.765 0.766667
0.765833 0.7675
0.766667 0.768333
0.7675 0.769167
0.768333 0.77
0.769167 0.770833
0.77 0.771667
0.770833 0.7725
0.771667 0.773333
0.7725 0.774167
0.773333 0.775
0.774167 0.775833
0.775 0.776667
0.775833 0.7775
0.776667 0.778333
0.7775 0.779167
0.778333 0.78
0.779167 0.780833
0.78 0.781667
0.780833 0.7825
0.781667 0.783333
0.7825 0.784167
0.783333 0.785
0.784167 0.785833
0.785 0.786667
0.785833 0.7875
0.786667 0.788333
0.7875 0.789167
0.788333 0.79
0.789167 0.790833
0.79 0.791667
0.790833 0.7925
0.791667 0.793333
0.7925 0.794167
0.793333 0.795
0.794167 0.795833
0.795 0.796667
0.795833 0.7975
0.796667 0.798333
0.7975 0.799167
0.798333 0.798333
0.799167 0.799167
0.8 0.8
0.800833 0.800833
0.801667 0.801667
0.8025 0.8025
0.803333 0.803333
0.804167 0.804167
0.805 0.805
0.805833 0.805833
0.806667 0.806667
0.8075 0.8075
0.808333 0.808333
0.809167 0.809167
0.81 0.81
0.810833 0.810833
0.811667 0.811667
0.8125 0.8125
0.813333 0.813333
0.814167 0.814167
0.815 0.815
0.815833 0.815833
0.816667 0.816667
0.8175 0.8175
0.818333 0.818333
0.819167 0.819167
0.82 0.82
0.820833 0.820833
0.821667 0.821667
0.8225 0.8225
0.823333 0.823333
0.824167 0.824167
0.825 0.825
0.825833 0.825833
0.826667 0.826667
0.8275 0.8275
0.828333 0.828333
0.829167 0.829167
0.83 0.83
0.830833 0.830833
0.831667 0.831667
0.8325 0.8325
