-1.42857 1.42857
-1.42714 1.42714
-1.42571 1.42571
-1.42429 1.42429
-1.42286 1.42286
-1.42143 1.42143
-1.42 1.42
-1.41857 1.41857
-1.41714 1.41714
-1.41571 1.41571
-1.41429 1.41429
-1.41286 1.41286
-1.41143 1.41143
-1.41 1.41
-1.40857 1.40857
-1.40714 1.40714
-1.40571 1.40571
-1.40429 1.40429
-1.40286 1.40286
-1.40143 1.40143
-1.4 1.4
-1.39857 1.39857
-1.39714 1.39714
-1.39571 1.39571
-1.39429 1.39429
-1.39286 1.39286
-1.39143 1.39143
-1.39 1.39
-1.38857 1.38857
-1.38714 1.38714
-1.38571 1.38571
-1.38429 1.38429
-1.38286 1.38286
-1.38143 1.38143
-1.38 1.38
-1.37857 1.37857
-1.37714 1.37714
-1.37571 1.37571
-1.37429 1.37429
-1.37286 1.37286
-1.37143 1.37143
-1.37 1.37
-1.36857 1.36857
-1.36714 1.36714
-1.36571 1.36571
-1.36429 1.36429
-1.36286 1.36286
-1.36143 1.36143
-1.36 1.36
-1.35857 1.35857
-1.35714 1.35714
-1.35571 1.35571
-1.35429 1.35429
-1.35286 1.35286
-1.35143 1.35143
-1.35 1.35
-1.34857 1.34857
-1.34714 1.34714
-1.34571 1.34571
-1.34429 1.34429
-1.34286 1.34286
-1.34143 1.34143
-1.34 1.34
-1.33857 1.33857
-1.33714 1.33714
-1.33571 1.33571
-1.33429 1.33429
-1.33286 1.33286
-1.33143 1.33143
-1.33 1.33
-1.32857 1.32857
-1.32714 1.32714
-1.32571 1.32571
-1.32429 1.32429
-1.32286 1.32286
-1.32143 1.32143
-1.32 1.32
-1.31857 1.31857
-1.31714 1.31714
-1.31571 1.31571
-1.31429 1.31429
-1.31286 1.31286
-1.31143 1.31143
-1.31 1.31
-1.30857 1.30857
-1.30714 1.30714
-1.30571 1.30571
-1.30429 1.30429
-1.30286 1.30286
-1.30143 1.30143
-1.3 1.3
-1.29857 1.29857
-1.29714 1.29714
-1.29571 1.29571
-1.29429 1.29429
-1.29286 1.29286
-1.29143 1.29143
-1.29 1.29
-1.28857 1.28857
-1.28714 1.28714
-1.28571 1.28571
-1.28429 1.28429
-1.28286 1.28286
-1.28143 1.28143
-1.28 1.28
-1.27857 1.27857
-1.27714 1.27714
-1.27571 1.27571
-1.27429 1.27429
-1.27286 1.27286
-1.27143 1.27143
-1.27 1.27
-1.26857 1.26857
-1.26714 1.26714
-1.26571 1.26571
-1.26429 1.26429
-1.26286 1.26286
-1.26143 1.26143
-1.26 1.26
-1.25857 1.25857
-1.25714 1.25714
-1.25571 1.25571
-1.25429 1.25429
-1.25286 1.25286
-1.25143 1.25143
-1.25 1.25
-1.24857 1.24857
-1.24714 1.24714
-1.24571 1.24571
-1.24429 1.24429
-1.24286 1.24286
-1.24143 1.24143
-1.24 1.24
-1.23857 1.23857
-1.23714 1.23714
-1.23571 1.23571
-1.23429 1.23429
-1.23286 1.23286
-1.23143 1.23143
-1.23 1.23
-1.22857 1.22857
-1.22714 1.22714
-1.22571 1.22571
-1.22429 1.22429
-1.22286 1.22286
-1.22143 1.22143
-1.22 1.22
-1.21857 1.21857
-1.21714 1.21714
-1.21571 1.21571
-1.21429 1.21429
-1.21286 1.21286
-1.21143 1.21143
-1.21 1.21
-1.20857 1.20857
-1.20714 1.20714
-1.20571 1.20571
-1.20429 1.20429
-1.20286 1.20286
-1.20143 1.20143
-1.2 1.2
-1.19857 1.19857
-1.19714 1.19714
-1.19571 1.19571
-1.19429 1.19429
-1.19286 1.19286
-1.19143 1.19143
-1.19 1.19
-1.18857 1.18857
-1.18714 1.18714
-1.18571 1.18571
-1.18429 1.18429
-1.18286 1.18286
-1.18143 1.18143
-1.18 1.18
-1.17857 1.17857
-1.17714 1.17714
-1.17571 1.17571
-1.17429 1.17429
-1.17286 1.17286
-1.17143 1.17143
-1.17 1.17
-1.16857 1.16857
-1.16714 1.16714
-1.16571 1.16571
-1.16429 1.16429
-1.16286 1.16286
-1.16143 1.16143
-1.16 1.16
-1.15857 1.15857
-1.15714 1.15714
-1.15571 1.15571
-1.15429 1.15429
-1.15286 1.15286
-1.15143 1.15143
-1.15 1.15
-1.14857 1.14857
-1.14714 1.14714
-1.14571 1.14571
-1.14429 1.14429
-1.14286 1.14286
-1.14143 1.14143
-1.14 1.14
-1.13857 1.13857
-1.13714 1.13714
-1.13571 1.13571
-1.13429 1.13429
-1.13286 1.13286
-1.13143 1.13143
-1.13 1.13
-1.12857 1.12857
-1.12714 1.12714
-1.12571 1.12571
-1.12429 1.12429
-1.12286 1.12286
-1.12143 1.12143
-1.12 1.12
-1.11857 1.11857
-1.11714 1.11714
-1.11571 1.11571
-1.11429 1.11429
-1.11286 1.11286
-1.11143 1.11143
-1.11 1.11
-1.10857 1.10857
-1.10714 1.10714
-1.10571 1.10571
-1.10429 1.10429
-1.10286 1.10286
-1.10143 1.10143
-1.1 1.1
-1.09857 1.09857
-1.09714 1.09714
-1.09571 1.09571
-1.09429 1.09429
-1.09286 1.09286
-1.09143 1.09143
-1.09 1.09
-1.08857 1.08857
-1.08714 1.08714
-1.08571 1.08571
-1.08429 1.08429
-1.08286 1.08286
-1.08143 1.08143
-1.08 1.08
-1.07857 1.07857
-1.07714 1.07714
-1.07571 1.07571
-1.07429 1.07429
-1.07286 1.07286
-1.07143 1.07143
-1.07 1.07
-1.06857 1.06857
-1.06714 1.06714
-1.06571 1.06571
-1.06429 1.06429
-1.06286 1.06286
-1.06143 1.06143
-1.06 1.06
-1.05857 1.05857
-1.05714 1.05714
-1.05571 1.05571
-1.05429 1.05429
-1.05286 1.05286
-1.05143 1.05143
-1.05 1.05
-1.04857 1.04857
-1.04714 1.04714
-1.04571 1.04571
-1.04429 1.04429
-1.04286 1.04286
-1.04143 1.04143
-1.04 1.04
-1.03857 1.03857
-1.03714 1.03714
-1.03571 1.03571
-1.03429 1.03429
-1.03286 1.03286
-1.03143 1.03143
-1.03 1.03
-1.02857 1.02857
-1.02714 1.02714
-1.02571 1.02571
-1.02429 1.02429
-1.02286 1.02286
-1.02143 1.02143
-1.02 1.02
-1.01857 1.01857
-1.01714 1.01714
-1.01571 1.01571
-1.01429 1.01429
-1.01286 1.01286
-1.01143 1.01143
-1.01 1.01
-1.00857 1.00857
-1.00714 1.00714
-1.00571 1.00571
-1.00429 1.00429
-1.00286 1.00286
-1.00143 1.00143
-1 1
-0.998571 0.998571
-0.997143 0.997143
-0.995714 0.995714
-0.994286 0.994286
-0.992857 0.992857
-0.991429 0.991429
-0.99 0.99
-0.988571 0.988571
-0.987143 0.987143
-0.985714 0.985714
-0.984286 0.984286
-0.982857 0.982857
-0.981429 0.981429
-0.98 0.98
-0.978571 0.978571
-0.977143 0.977143
-0.975714 0.975714
-0.974286 0.974286
-0.972857 0.972857
-0.971429 0.971429
-0.97 0.97
-0.968571 0.968571
-0.967143 0.967143
-0.965714 0.965714
-0.964286 0.964286
-0.962857 0.962857
-0.961429 0.961429
-0.96 0.96
-0.958571 0.958571
-0.957143 0.957143
-0.955714 0.955714
-0.954286 0.954286
-0.952857 0.952857
-0.951429 0.951429
-0.95 0.95
-0.948571 0.948571
-0.947143 0.947143
-0.945714 0.945714
-0.944286 0.944286
-0.942857 0.942857
-0.941429 0.941429
-0.94 0.94
-0.938571 0.938571
-0.937143 0.937143
-0.935714 0.935714
-0.934286 0.934286
-0.932857 0.932857
-0.931429 0.931429
-0.93 0.93
-0.928571 0.928571
-0.927143 0.927143
-0.925714 0.925714
-0.924286 0.924286
-0.922857 0.922857
-0.921429 0.921429
-0.92 0.92
-0.918571 0.918571
-0.917143 0.917143
-0.915714 0.915714
-0.914286 0.914286
-0.912857 0.912857
-0.911429 0.911429
-0.91 0.91
-0.908571 0.908571
-0.907143 0.907143
-0.905714 0.905714
-0.904286 0.904286
-0.902857 0.902857
-0.901429 0.901429
-0.9 0.9
-0.898571 0.898571
-0.897143 0.897143
-0.895714 0.895714
-0.894286 0.894286
-0.892857 0.892857
-0.891429 0.891429
-0.89 0.89
-0.888571 0.888571
-0.887143 0.887143
-0.885714 0.885714
-0.884286 0.884286
-0.882857 0.882857
-0.881429 0.881429
-0.88 0.88
-0.878571 0.878571
-0.877143 0.877143
-0.875714 0.875714
-0.874286 0.874286
-0.872857 0.872857
-0.871429 0.871429
-0.87 0.87
-0.868571 0.868571
-0.867143 0.867143
-0.865714 0.865714
-0.864286 0.864286
-0.862857 0.862857
-0.861429 0.861429
-0.86 0.86
-0.858571 0.858571
-0.857143 0.857143
-0.855714 0.855714
-0.854286 0.854286
-0.852857 0.852857
-0.851429 0.851429
-0.85 0.85
-0.848571 0.848571
-0.847143 0.847143
-0.845714 0.845714
-0.844286 0.844286
-0.842857 0.842857
-0.841429 0.841429
-0.84 0.84
-0.838571 0.838571
-0.837143 0.837143
-0.835714 0.835714
-0.834286 0.834286
-0.832857 0.832857
-0.831429 0.831429
-0.83 0.83
-0.828571 0.828571
-0.827143 0.827143
-0.825714 0.825714
-0.824286 0.824286
-0.822857 0.822857
-0.821429 0.821429
-0.82 0.82
-0.818571 0.818571
-0.817143 0.817143
-0.815714 0.815714
-0.814286 0.814286
-0.812857 0.812857
-0.811429 0.811429
-0.81 0.81
-0.808571 0.808571
-0.807143 0.807143
-0.805714 0.805714
-0.804286 0.804286
-0.802857 0.802857
-0.801429 0.801429
-0.8 0.8
-0.798571 0.798571
-0.797143 0.797143
-0.795714 0.795714
-0.794286 0.794286
-0.792857 0.792857
-0.791429 0.791429
-0.79 0.79
-0.788571 0.788571
-0.787143 0.787143
-0.785714 0.785714
-0.784286 0.784286
-0.782857 0.782857
-0.781429 0.781429
-0.78 0.78
-0.778571 0.778571
-0.777143 0.777143
-0.775714 0.775714
-0.774286 0.774286
-0.772857 0.772857
-0.771429 0.771429
-0.77 0.77
-0.768571 0.768571
-0.767143 0.767143
-0.765714 0.765714
-0.764286 0.764286
-0.762857 0.762857
-0.761429 0.761429
-0.76 0.76
-0.758571 0.758571
-0.757143 0.757143
-0.755714 0.755714
-0.754286 0.754286
-0.752857 0.752857
-0.751429 0.751429
-0.75 0.75
-0.748571 0.748571
-0.747143 0.747143
-0.745714 0.745714
-0.744286 0.744286
-0.742857 0.742857
-0.741429 0.741429
-0.74 0.74
-0.738571 0.738571
-0.737143 0.737143
-0.735714 0.735714
-0.734286 0.734286
-0.732857 0.732857
-0.731429 0.731429
-0.73 0.73
-0.728571 0.728571
-0.727143 0.727143
-0.725714 0.725714
-0.724286 0.724286
-0.722857 0.722857
-0.721429 0.721429
-0.72 0.72
-0.718571 0.718571
-0.717143 0.717143
-0.715714 0.715714
-0.714286 0.714286
-0.712857 0.712857
-0.711429 0.711429
-0.71 0.71
-0.708571 0.708571
-0.707143 0.707143
-0.705714 0.705714
-0.704286 0.704286
-0.702857 0.702857
-0.701429 0.701429
-0.7 0.7
-0.698571 0.698571
-0.697143 0.697143
-0.695714 0.695714
-0.694286 0.694286
-0.692857 0.692857
-0.691429 0.691429
-0.69 0.69
-0.688571 0.688571
-0.687143 0.687143
-0.685714 0.685714
-0.684286 0.684286
-0.682857 0.682857
-0.681429 0.681429
-0.68 0.68
-0.678571 0.678571
-0.677143 0.677143
-0.675714 0.675714
-0.674286 0.674286
-0.672857 0.672857
-0.671429 0.671429
-0.67 0.67
-0.668571 0.668571
-0.667143 0.667143
-0.665714 0.665714
-0.664286 0.664286
-0.662857 0.662857
-0.661429 0.661429
-0.66 0.66
-0.658571 0.658571
-0.657143 0.657143
-0.655714 0.655714
-0.654286 0.654286
-0.652857 0.652857
-0.651429 0.651429
-0.65 0.65
-0.648571 0.648571
-0.647143 0.647143
-0.645714 0.645714
-0.644286 0.644286
-0.642857 0.642857
-0.641429 0.641429
-0.64 0.64
-0.638571 0.638571
-0.637143 0.637143
-0.635714 0.635714
-0.634286 0.634286
-0.632857 0.632857
-0.631429 0.631429
-0.63 0.63
-0.628571 0.628571
-0.627143 0.627143
-0.625714 0.625714
-0.624286 0.624286
-0.622857 0.622857
-0.621429 0.621429
-0.62 0.62
-0.618571 0.618571
-0.617143 0.617143
-0.615714 0.615714
-0.614286 0.614286
-0.612857 0.612857
-0.611429 0.611429
-0.61 0.61
-0.608571 0.608571
-0.607143 0.607143
-0.605714 0.605714
-0.604286 0.604286
-0.602857 0.602857
-0.601429 0.601429
-0.6 0.6
-0.598571 0.598571
-0.597143 0.6
-0.595714 0.598571
-0.594286 0.597143
-0.592857 0.595714
-0.591429 0.594286
-0.59 0.592857
-0.588571 0.594286
-0.587143 0.592857
-0.585714 0.591429
-0.584286 0.59
-0.582857 0.588571
-0.581429 0.587143
-0.58 0.585714
-0.578571 0.584286
-0.577143 0.582857
-0.575714 0.581429
-0.574286 0.58
-0.572857 0.578571
-0.571429 0.577143
-0.57 0.575714
-0.568571 0.574286
-0.567143 0.572857
-0.565714 0.571429
-0.564286 0.57
-0.562857 0.568571
-0.561429 0.567143
-0.56 0.565714
-0.558571 0.564286
-0.557143 0.562857
-0.555714 0.561429
-0.554286 0.56
-0.552857 0.558571
-0.551429 0.557143
-0.55 0.555714
-0.548571 0.554286
-0.547143 0.552857
-0.545714 0.551429
-0.544286 0.55
-0.542857 0.548571
-0.541429 0.547143
-0.54 0.545714
-0.538571 0.544286
-0.537143 0.542857
-0.535714 0.541429
-0.534286 0.54
-0.532857 0.538571
-0.531429 0.537143
-0.53 0.535714
-0.528571 0.534286
-0.527143 0.532857
-0.525714 0.531429
-0.524286 0.53
-0.522857 0.528571
-0.521429 0.527143
-0.52 0.525714
-0.518571 0.524286
-0.517143 0.525714
-0.515714 0.524286
-0.514286 0.522857
-0.512857 0.524286
-0.511429 0.522857
-0.51 0.521429
-0.508571 0.52
-0.507143 0.518571
-0.505714 0.517143
-0.504286 0.515714
-0.502857 0.514286
-0.501429 0.512857
-0.5 0.511429
-0.498571 0.51
-0.497143 0.508571
-0.495714 0.507143
-0.494286 0.505714
-0.492857 0.504286
-0.491429 0.502857
-0.49 0.501429
-0.488571 0.5
-0.487143 0.498571
-0.485714 0.497143
-0.484286 0.498571
-0.482857 0.497143
-0.481429 0.495714
-0.48 0.494286
-0.478571 0.492857
-0.477143 0.491429
-0.475714 0.49
-0.474286 0.488571
-0.472857 0.487143
-0.471429 0.485714
-0.47 0.484286
-0.468571 0.482857
-0.467143 0.481429
-0.465714 0.48
-0.464286 0.478571
-0.462857 0.48
-0.461429 0.481429
-0.46 0.48
-0.458571 0.478571
-0.457143 0.477143
-0.455714 0.478571
-0.454286 0.477143
-0.452857 0.475714
-0.451429 0.474286
-0.45 0.472857
-0.448571 0.471429
-0.447143 0.47
-0.445714 0.468571
-0.444286 0.47
-0.442857 0.468571
-0.441429 0.467143
-0.44 0.465714
-0.438571 0.464286
-0.437143 0.462857
-0.435714 0.461429
-0.434286 0.462857
-0.432857 0.464286
-0.431429 0.462857
-0.43 0.461429
-0.428571 0.46
-0.427143 0.458571
-0.425714 0.457143
-0.424286 0.455714
-0.422857 0.454286
-0.421429 0.455714
-0.42 0.454286
-0.418571 0.452857
-0.417143 0.451429
-0.415714 0.45
-0.414286 0.448571
-0.412857 0.447143
-0.411429 0.445714
-0.41 0.444286
-0.408571 0.442857
-0.407143 0.441429
-0.405714 0.44
-0.404286 0.438571
-0.402857 0.437143
-0.401429 0.438571
-0.4 0.437143
-0.398571 0.435714
-0.397143 0.434286
-0.395714 0.432857
-0.394286 0.431429
-0.392857 0.43
-0.391429 0.431429
-0.39 0.432857
-0.388571 0.431429
-0.387143 0.43
-0.385714 0.428571
-0.384286 0.427143
-0.382857 0.425714
-0.381429 0.424286
-0.38 0.422857
-0.378571 0.421429
-0.377143 0.42
-0.375714 0.418571
-0.374286 0.417143
-0.372857 0.415714
-0.371429 0.414286
-0.37 0.412857
-0.368571 0.411429
-0.367143 0.41
-0.365714 0.411429
-0.364286 0.412857
-0.362857 0.411429
-0.361429 0.412857
-0.36 0.411429
-0.358571 0.41
-0.357143 0.408571
-0.355714 0.407143
-0.354286 0.405714
-0.352857 0.404286
-0.351429 0.402857
-0.35 0.401429
-0.348571 0.4
-0.347143 0.398571
-0.345714 0.397143
-0.344286 0.395714
-0.342857 0.394286
-0.341429 0.392857
-0.34 0.391429
-0.338571 0.39
-0.337143 0.388571
-0.335714 0.387143
-0.334286 0.385714
-0.332857 0.384286
-0.331429 0.382857
-0.33 0.381429
-0.328571 0.382857
-0.327143 0.384286
-0.325714 0.385714
-0.324286 0.387143
-0.322857 0.388571
-0.321429 0.387143
-0.32 0.385714
-0.318571 0.387143
-0.317143 0.388571
-0.315714 0.39
-0.314286 0.388571
-0.312857 0.387143
-0.311429 0.388571
-0.31 0.39
-0.308571 0.388571
-0.307143 0.39
-0.305714 0.388571
-0.304286 0.387143
-0.302857 0.388571
-0.301429 0.39
-0.3 0.388571
-0.298571 0.387143
-0.297143 0.385714
-0.295714 0.384286
-0.294286 0.382857
-0.292857 0.381429
-0.291429 0.382857
-0.29 0.381429
-0.288571 0.382857
-0.287143 0.384286
-0.285714 0.382857
-0.284286 0.381429
-0.282857 0.38
-0.281429 0.381429
-0.28 0.382857
-0.278571 0.384286
-0.277143 0.382857
-0.275714 0.381429
-0.274286 0.38
-0.272857 0.378571
-0.271429 0.377143
-0.27 0.375714
-0.268571 0.374286
-0.267143 0.375714
-0.265714 0.377143
-0.264286 0.378571
-0.262857 0.38
-0.261429 0.378571
-0.26 0.377143
-0.258571 0.378571
-0.257143 0.377143
-0.255714 0.375714
-0.254286 0.377143
-0.252857 0.378571
-0.251429 0.38
-0.25 0.378571
-0.248571 0.377143
-0.247143 0.375714
-0.245714 0.377143
-0.244286 0.375714
-0.242857 0.374286
-0.241429 0.372857
-0.24 0.371429
-0.238571 0.37
-0.237143 0.368571
-0.235714 0.367143
-0.234286 0.365714
-0.232857 0.364286
-0.231429 0.365714
-0.23 0.364286
-0.228571 0.365714
-0.227143 0.364286
-0.225714 0.362857
-0.224286 0.361429
-0.222857 0.362857
-0.221429 0.364286
-0.22 0.362857
-0.218571 0.361429
-0.217143 0.36
-0.215714 0.358571
-0.214286 0.36
-0.212857 0.361429
-0.211429 0.36
-0.21 0.361429
-0.208571 0.36
-0.207143 0.358571
-0.205714 0.357143
-0.204286 0.355714
-0.202857 0.354286
-0.201429 0.355714
-0.2 0.354286
-0.198571 0.352857
-0.197143 0.351429
-0.195714 0.35
-0.194286 0.351429
-0.192857 0.352857
-0.191429 0.354286
-0.19 0.352857
-0.188571 0.351429
-0.187143 0.35
-0.185714 0.348571
-0.184286 0.347143
-0.182857 0.345714
-0.181429 0.344286
-0.18 0.342857
-0.178571 0.341429
-0.177143 0.342857
-0.175714 0.341429
-0.174286 0.34
-0.172857 0.338571
-0.171429 0.337143
-0.17 0.335714
-0.168571 0.334286
-0.167143 0.332857
-0.165714 0.331429
-0.164286 0.33
-0.162857 0.328571
-0.161429 0.327143
-0.16 0.328571
-0.158571 0.327143
-0.157143 0.325714
-0.155714 0.324286
-0.154286 0.325714
-0.152857 0.327143
-0.151429 0.328571
-0.15 0.327143
-0.148571 0.328571
-0.147143 0.327143
-0.145714 0.325714
-0.144286 0.324286
-0.142857 0.322857
-0.141429 0.321429
-0.14 0.32
-0.138571 0.318571
-0.137143 0.32
-0.135714 0.321429
-0.134286 0.32
-0.132857 0.318571
-0.131429 0.317143
-0.13 0.318571
-0.128571 0.317143
-0.127143 0.318571
-0.125714 0.32
-0.124286 0.321429
-0.122857 0.32
-0.121429 0.321429
-0.12 0.322857
-0.118571 0.324286
-0.117143 0.325714
-0.115714 0.327143
-0.114286 0.328571
-0.112857 0.33
-0.111429 0.331429
-0.11 0.33
-0.108571 0.328571
-0.107143 0.327143
-0.105714 0.328571
-0.104286 0.327143
-0.102857 0.325714
-0.101429 0.327143
-0.1 0.328571
-0.0985714 0.33
-0.0971429 0.328571
-0.0957143 0.33
-0.0942857 0.328571
-0.0928571 0.33
-0.0914286 0.331429
-0.09 0.332857
-0.0885714 0.331429
-0.0871429 0.332857
-0.0857143 0.331429
-0.0842857 0.332857
-0.0828571 0.334286
-0.0814286 0.332857
-0.08 0.331429
-0.0785714 0.332857
-0.0771429 0.334286
-0.0757143 0.332857
-0.0742857 0.331429
-0.0728571 0.33
-0.0714286 0.328571
-0.07 0.33
-0.0685714 0.328571
-0.0671429 0.33
-0.0657143 0.328571
-0.0642857 0.33
-0.0628571 0.328571
-0.0614286 0.327143
-0.06 0.328571
-0.0585714 0.33
-0.0571429 0.331429
-0.0557143 0.33
-0.0542857 0.328571
-0.0528571 0.327143
-0.0514286 0.328571
-0.05 0.327143
-0.0485714 0.325714
-0.0471429 0.327143
-0.0457143 0.325714
-0.0442857 0.324286
-0.0428571 0.322857
-0.0414286 0.324286
-0.04 0.322857
-0.0385714 0.321429
-0.0371429 0.32
-0.0357143 0.318571
-0.0342857 0.317143
-0.0328571 0.315714
-0.0314286 0.317143
-0.03 0.318571
-0.0285714 0.32
-0.0271429 0.321429
-0.0257143 0.322857
-0.0242857 0.321429
-0.0228571 0.322857
-0.0214286 0.321429
-0.02 0.322857
-0.0185714 0.321429
-0.0171429 0.32
-0.0157143 0.318571
-0.0142857 0.32
-0.0128571 0.318571
-0.0114286 0.32
-0.01 0.318571
-0.00857143 0.317143
-0.00714286 0.315714
-0.00571429 0.317143
-0.00428571 0.318571
-0.00285714 0.317143
-0.00142857 0.315714
0 0.314286
0.00142857 0.315714
0.00285714 0.317143
0.00428571 0.318571
0.00571429 0.317143
0.00714286 0.318571
0.00857143 0.317143
0.01 0.315714
0.0114286 0.317143
0.0128571 0.318571
0.0142857 0.32
0.0157143 0.321429
0.0171429 0.322857
0.0185714 0.321429
0.02 0.32
0.0214286 0.321429
0.0228571 0.322857
0.0242857 0.321429
0.0257143 0.32
0.0271429 0.321429
0.0285714 0.322857
0.03 0.324286
0.0314286 0.322857
0.0328571 0.321429
0.0342857 0.32
0.0357143 0.318571
0.0371429 0.317143
0.0385714 0.315714
0.04 0.317143
0.0414286 0.318571
0.0428571 0.317143
0.0442857 0.315714
0.0457143 0.317143
0.0471429 0.318571
0.0485714 0.32
0.05 0.318571
0.0514286 0.32
0.0528571 0.318571
0.0542857 0.32
0.0557143 0.318571
0.0571429 0.317143
0.0585714 0.318571
0.06 0.32
0.0614286 0.318571
0.0628571 0.317143
0.0642857 0.318571
0.0657143 0.32
0.0671429 0.318571
0.0685714 0.317143
0.07 0.315714
0.0714286 0.314286
0.0728571 0.312857
0.0742857 0.311429
0.0757143 0.31
0.0771429 0.311429
0.0785714 0.312857
0.08 0.314286
0.0814286 0.315714
0.0828571 0.317143
0.0842857 0.318571
0.0857143 0.32
0.0871429 0.321429
0.0885714 0.322857
0.09 0.324286
0.0914286 0.325714
0.0928571 0.327143
0.0942857 0.328571
0.0957143 0.327143
0.0971429 0.325714
0.0985714 0.327143
0.1 0.325714
0.101429 0.327143
0.102857 0.328571
0.104286 0.33
0.105714 0.331429
0.107143 0.33
0.108571 0.331429
0.11 0.332857
0.111429 0.334286
0.112857 0.335714
0.114286 0.334286
0.115714 0.335714
0.117143 0.337143
0.118571 0.338571
0.12 0.34
0.121429 0.338571
0.122857 0.34
0.124286 0.341429
0.125714 0.342857
0.127143 0.341429
0.128571 0.34
0.13 0.338571
0.131429 0.34
0.132857 0.341429
0.134286 0.342857
0.135714 0.344286
0.137143 0.345714
0.138571 0.347143
0.14 0.345714
0.141429 0.344286
0.142857 0.345714
0.144286 0.347143
0.145714 0.345714
0.147143 0.344286
0.148571 0.345714
0.15 0.347143
0.151429 0.345714
0.152857 0.347143
0.154286 0.348571
0.155714 0.347143
0.157143 0.348571
0.158571 0.35
0.16 0.351429
0.161429 0.352857
0.162857 0.354286
0.164286 0.355714
0.165714 0.357143
0.167143 0.355714
0.168571 0.357143
0.17 0.358571
0.171429 0.357143
0.172857 0.358571
0.174286 0.36
0.175714 0.358571
0.177143 0.357143
0.178571 0.355714
0.18 0.354286
0.181429 0.352857
0.182857 0.354286
0.184286 0.355714
0.185714 0.354286
0.187143 0.355714
0.188571 0.354286
0.19 0.355714
0.191429 0.357143
0.192857 0.355714
0.194286 0.357143
0.195714 0.358571
0.197143 0.357143
0.198571 0.355714
0.2 0.354286
0.201429 0.352857
0.202857 0.354286
0.204286 0.355714
0.205714 0.354286
0.207143 0.355714
0.208571 0.357143
0.21 0.358571
0.211429 0.357143
0.212857 0.358571
0.214286 0.36
0.215714 0.361429
0.217143 0.362857
0.218571 0.364286
0.22 0.365714
0.221429 0.367143
0.222857 0.368571
0.224286 0.37
0.225714 0.368571
0.227143 0.37
0.228571 0.371429
0.23 0.37
0.231429 0.368571
0.232857 0.37
0.234286 0.371429
0.235714 0.372857
0.237143 0.374286
0.238571 0.372857
0.24 0.371429
0.241429 0.372857
0.242857 0.371429
0.244286 0.372857
0.245714 0.374286
0.247143 0.375714
0.248571 0.377143
0.25 0.378571
0.251429 0.38
0.252857 0.381429
0.254286 0.38
0.255714 0.381429
0.257143 0.382857
0.258571 0.384286
0.26 0.385714
0.261429 0.384286
0.262857 0.382857
0.264286 0.384286
0.265714 0.382857
0.267143 0.384286
0.268571 0.385714
0.27 0.384286
0.271429 0.385714
0.272857 0.384286
0.274286 0.385714
0.275714 0.387143
0.277143 0.388571
0.278571 0.387143
0.28 0.388571
0.281429 0.387143
0.282857 0.388571
0.284286 0.39
0.285714 0.391429
0.287143 0.392857
0.288571 0.394286
0.29 0.395714
0.291429 0.394286
0.292857 0.395714
0.294286 0.397143
0.295714 0.395714
0.297143 0.397143
0.298571 0.398571
0.3 0.4
0.301429 0.401429
0.302857 0.402857
0.304286 0.404286
0.305714 0.405714
0.307143 0.404286
0.308571 0.402857
0.31 0.401429
0.311429 0.402857
0.312857 0.404286
0.314286 0.405714
0.315714 0.404286
0.317143 0.405714
0.318571 0.407143
0.32 0.408571
0.321429 0.41
0.322857 0.411429
0.324286 0.412857
0.325714 0.414286
0.327143 0.415714
0.328571 0.417143
0.33 0.418571
0.331429 0.417143
0.332857 0.418571
0.334286 0.417143
0.335714 0.415714
0.337143 0.417143
0.338571 0.418571
0.34 0.417143
0.341429 0.418571
0.342857 0.42
0.344286 0.418571
0.345714 0.42
0.347143 0.421429
0.348571 0.42
0.35 0.421429
0.351429 0.42
0.352857 0.418571
0.354286 0.42
0.355714 0.421429
0.357143 0.42
0.358571 0.421429
0.36 0.422857
0.361429 0.424286
0.362857 0.425714
0.364286 0.427143
0.365714 0.428571
0.367143 0.43
0.368571 0.431429
0.37 0.432857
0.371429 0.434286
0.372857 0.435714
0.374286 0.437143
0.375714 0.438571
0.377143 0.44
0.378571 0.438571
0.38 0.437143
0.381429 0.438571
0.382857 0.44
0.384286 0.438571
0.385714 0.44
0.387143 0.438571
0.388571 0.44
0.39 0.438571
0.391429 0.437143
0.392857 0.438571
0.394286 0.44
0.395714 0.441429
0.397143 0.442857
0.398571 0.444286
0.4 0.445714
0.401429 0.444286
0.402857 0.442857
0.404286 0.441429
0.405714 0.442857
0.407143 0.444286
0.408571 0.445714
0.41 0.447143
0.411429 0.448571
0.412857 0.45
0.414286 0.448571
0.415714 0.45
0.417143 0.451429
0.418571 0.452857
0.42 0.454286
0.421429 0.455714
0.422857 0.457143
0.424286 0.458571
0.425714 0.46
0.427143 0.461429
0.428571 0.462857
0.43 0.464286
0.431429 0.465714
0.432857 0.467143
0.434286 0.468571
0.435714 0.47
0.437143 0.471429
0.438571 0.472857
0.44 0.474286
0.441429 0.475714
0.442857 0.477143
0.444286 0.478571
0.445714 0.48
0.447143 0.481429
0.448571 0.482857
0.45 0.484286
0.451429 0.485714
0.452857 0.487143
0.454286 0.488571
0.455714 0.49
0.457143 0.491429
0.458571 0.492857
0.46 0.494286
0.461429 0.495714
0.462857 0.497143
0.464286 0.498571
0.465714 0.5
0.467143 0.498571
0.468571 0.497143
0.47 0.498571
0.471429 0.5
0.472857 0.501429
0.474286 0.5
0.475714 0.501429
0.477143 0.502857
0.478571 0.504286
0.48 0.505714
0.481429 0.504286
0.482857 0.505714
0.484286 0.507143
0.485714 0.505714
0.487143 0.507143
0.488571 0.508571
0.49 0.51
0.491429 0.511429
0.492857 0.512857
0.494286 0.514286
0.495714 0.515714
0.497143 0.517143
0.498571 0.518571
0.5 0.52
0.501429 0.518571
0.502857 0.52
0.504286 0.518571
0.505714 0.52
0.507143 0.521429
0.508571 0.522857
0.51 0.524286
0.511429 0.525714
0.512857 0.527143
0.514286 0.528571
0.515714 0.53
0.517143 0.531429
0.518571 0.532857
0.52 0.534286
0.521429 0.535714
0.522857 0.537143
0.524286 0.538571
0.525714 0.54
0.527143 0.541429
0.528571 0.542857
0.53 0.544286
0.531429 0.545714
0.532857 0.547143
0.534286 0.548571
0.535714 0.547143
0.537143 0.548571
0.538571 0.55
0.54 0.551429
0.541429 0.552857
0.542857 0.554286
0.544286 0.555714
0.545714 0.557143
0.547143 0.558571
0.548571 0.56
0.55 0.561429
0.551429 0.562857
0.552857 0.564286
0.554286 0.565714
0.555714 0.567143
0.557143 0.568571
0.558571 0.57
0.56 0.571429
0.561429 0.572857
0.562857 0.574286
0.564286 0.575714
0.565714 0.577143
0.567143 0.578571
0.568571 0.58
0.57 0.581429
0.571429 0.582857
0.572857 0.584286
0.574286 0.585714
0.575714 0.587143
0.577143 0.588571
0.578571 0.59
0.58 0.591429
0.581429 0.592857
0.582857 0.594286
0.584286 0.595714
0.585714 0.597143
0.587143 0.595714
0.588571 0.597143
0.59 0.598571
0.591429 0.6
0.592857 0.601429
0.594286 0.602857
0.595714 0.604286
0.597143 0.605714
0.598571 0.607143
0.6 0.608571
0.601429 0.61
0.602857 0.611429
0.604286 0.612857
0.605714 0.614286
0.607143 0.615714
0.608571 0.617143
0.61 0.618571
0.611429 0.62
0.612857 0.621429
0.614286 0.622857
0.615714 0.624286
0.617143 0.625714
0.618571 0.627143
0.62 0.625714
0.621429 0.627143
0.622857 0.628571
0.624286 0.63
0.625714 0.631429
0.627143 0.632857
0.628571 0.634286
0.63 0.635714
0.631429 0.637143
0.632857 0.638571
0.634286 0.64
0.635714 0.641429
0.637143 0.642857
0.638571 0.644286
0.64 0.645714
0.641429 0.647143
0.642857 0.648571
0.644286 0.65
0.645714 0.651429
0.647143 0.652857
0.648571 0.654286
0.65 0.655714
0.651429 0.657143
0.652857 0.658571
0.654286 0.66
0.655714 0.661429
0.657143 0.662857
0.658571 0.664286
0.66 0.665714
0.661429 0.667143
0.662857 0.668571
0.664286 0.67
0.665714 0.671429
0.667143 0.672857
0.668571 0.674286
0.67 0.675714
0.671429 0.677143
0.672857 0.678571
0.674286 0.68
0.675714 0.681429
0.677143 0.682857
0.678571 0.684286
0.68 0.685714
0.681429 0.687143
0.682857 0.688571
0.684286 0.69
0.685714 0.691429
0.687143 0.692857
0.688571 0.694286
0.69 0.695714
0.691429 0.697143
0.692857 0.698571
0.694286 0.7
0.695714 0.698571
0.697143 0.7
0.698571 0.701429
0.7 0.702857
0.701429 0.704286
0.702857 0.705714
0.704286 0.707143
0.705714 0.708571
0.707143 0.71
0.708571 0.711429
0.71 0.712857
0.711429 0.714286
0.712857 0.715714
0.714286 0.717143
0.715714 0.718571
0.717143 0.72
0.718571 0.721429
0.72 0.722857
0.721429 0.724286
0.722857 0.725714
0.724286 0.727143
0.725714 0.728571
0.727143 0.73
0.728571 0.731429
0.73 0.732857
0.731429 0.734286
0.732857 0.735714
0.734286 0.737143
0.735714 0.738571
0.737143 0.74
0.738571 0.741429
0.74 0.742857
0.741429 0.744286
0.742857 0.745714
0.744286 0.747143
0.745714 0.748571
0.747143 0.75
0.748571 0.751429
0.75 0.752857
0.751429 0.754286
0.752857 0.752857
0.754286 0.754286
0.755714 0.755714
0.757143 0.757143
0.758571 0.758571
0.76 0.76
0.761429 0.761429
0.762857 0.762857
0.764286 0.764286
0.765714 0.765714
0.767143 0.767143
0.768571 0.768571
0.77 0.77
0.771429 0.771429
0.772857 0.772857
0.774286 0.774286
0.775714 0.775714
0.777143 0.777143
0.778571 0.778571
0.78 0.78
0.781429 0.781429
0.782857 0.782857
0.784286 0.784286
0.785714 0.785714
0.787143 0.787143
0.788571 0.788571
0.79 0.79
0.791429 0.791429
0.792857 0.792857
0.794286 0.794286
0.795714 0.795714
0.797143 0.797143
0.798571 0.798571
0.8 0.8
0.801429 0.801429
0.802857 0.802857
0.804286 0.804286
0.805714 0.805714
0.807143 0.807143
0.808571 0.808571
0.81 0.81
0.811429 0.811429
0.812857 0.812857
0.814286 0.814286
0.815714 0.815714
0.817143 0.817143
0.818571 0.818571
0.82 0.82
0.821429 0.821429
0.822857 0.822857
0.824286 0.824286
0.825714 0.825714
0.827143 0.827143
0.828571 0.828571
0.83 0.83
0.831429 0.831429
0.832857 0.832857
0.834286 0.834286
0.835714 0.835714
0.837143 0.837143
0.838571 0.838571
0.84 0.84
0.841429 0.841429
0.842857 0.842857
0.844286 0.844286
0.845714 0.845714
0.847143 0.847143
0.848571 0.848571
0.85 0.85
0.851429 0.851429
0.852857 0.852857
0.854286 0.854286
0.855714 0.855714
0.857143 0.857143
0.858571 0.858571
0.86 0.86
0.861429 0.861429
0.862857 0.862857
0.864286 0.864286
0.865714 0.865714
0.867143 0.867143
0.868571 0.868571
0.87 0.87
0.871429 0.871429
0.872857 0.872857
0.874286 0.874286
0.875714 0.875714
0.877143 0.877143
0.878571 0.878571
0.88 0.88
0.881429 0.881429
0.882857 0.882857
0.884286 0.884286
0.885714 0.885714
0.887143 0.887143
0.888571 0.888571
0.89 0.89
0.891429 0.891429
0.892857 0.892857
0.894286 0.894286
0.895714 0.895714
0.897143 0.897143
0.898571 0.898571
0.9 0.9
0.901429 0.901429
0.902857 0.902857
0.904286 0.904286
0.905714 0.905714
0.907143 0.907143
0.908571 0.908571
0.91 0.91
0.911429 0.911429
0.912857 0.912857
0.914286 0.914286
0.915714 0.915714
0.917143 0.917143
0.918571 0.918571
0.92 0.92
0.921429 0.921429
0.922857 0.922857
0.924286 0.924286
0.925714 0.925714
0.927143 0.927143
0.928571 0.928571
0.93 0.93
0.931429 0.931429
0.932857 0.932857
0.934286 0.934286
0.935714 0.935714
0.937143 0.937143
0.938571 0.938571
0.94 0.94
0.941429 0.941429
0.942857 0.942857
0.944286 0.944286
0.945714 0.945714
0.947143 0.947143
0.948571 0.948571
0.95 0.95
0.951429 0.951429
0.952857 0.952857
0.954286 0.954286
0.955714 0.955714
0.957143 0.957143
0.958571 0.958571
0.96 0.96
0.961429 0.961429
0.962857 0.962857
0.964286 0.964286
0.965714 0.965714
0.967143 0.967143
0.968571 0.968571
0.97 0.97
0.971429 0.971429
0.972857 0.972857
0.974286 0.974286
0.975714 0.975714
0.977143 0.977143
0.978571 0.978571
0.98 0.98
0.981429 0.981429
0.982857 0.982857
0.984286 0.984286
0.985714 0.985714
0.987143 0.987143
0.988571 0.988571
0.99 0.99
0.991429 0.991429
0.992857 0.992857
0.994286 0.994286
0.995714 0.995714
0.997143 0.997143
0.998571 0.998571
1 1
1.00143 1.00143
1.00286 1.00286
1.00429 1.00429
1.00571 1.00571
1.00714 1.00714
1.00857 1.00857
1.01 1.01
1.01143 1.01143
1.01286 1.01286
1.01429 1.01429
1.01571 1.01571
1.01714 1.01714
1.01857 1.01857
1.02 1.02
1.02143 1.02143
1.02286 1.02286
1.02429 1.02429
1.02571 1.02571
1.02714 1.02714
1.02857 1.02857
1.03 1.03
1.03143 1.03143
1.03286 1.03286
1.03429 1.03429
1.03571 1.03571
1.03714 1.03714
1.03857 1.03857
1.04 1.04
1.04143 1.04143
1.04286 1.04286
1.04429 1.04429
1.04571 1.04571
1.04714 1.04714
1.04857 1.04857
1.05 1.05
1.05143 1.05143
1.05286 1.05286
1.05429 1.05429
1.05571 1.05571
1.05714 1.05714
1.05857 1.05857
1.06 1.06
1.06143 1.06143
1.06286 1.06286
1.06429 1.06429
1.06571 1.06571
1.06714 1.06714
1.06857 1.06857
1.07 1.07
1.07143 1.07143
1.07286 1.07286
1.07429 1.07429
1.07571 1.07571
1.07714 1.07714
1.07857 1.07857
1.08 1.08
1.08143 1.08143
1.08286 1.08286
1.08429 1.08429
1.08571 1.08571
1.08714 1.08714
1.08857 1.08857
1.09 1.09
1.09143 1.09143
1.09286 1.09286
1.09429 1.09429
1.09571 1.09571
1.09714 1.09714
1.09857 1.09857
1.1 1.1
1.10143 1.10143
1.10286 1.10286
1.10429 1.10429
1.10571 1.10571
1.10714 1.10714
1.10857 1.10857
1.11 1.11
1.11143 1.11143
1.11286 1.11286
1.11429 1.11429
1.11571 1.11571
1.11714 1.11714
1.11857 1.11857
1.12 1.12
1.12143 1.12143
1.12286 1.12286
1.12429 1.12429
1.12571 1.12571
1.12714 1.12714
1.12857 1.12857
1.13 1.13
1.13143 1.13143
1.13286 1.13286
1.13429 1.13429
1.13571 1.13571
1.13714 1.13714
1.13857 1.13857
1.14 1.14
1.14143 1.14143
1.14286 1.14286
1.14429 1.14429
1.14571 1.14571
1.14714 1.14714
1.14857 1.14857
1.15 1.15
1.15143 1.15143
1.15286 1.15286
1.15429 1.15429
1.15571 1.15571
1.15714 1.15714
1.15857 1.15857
1.16 1.16
1.16143 1.16143
1.16286 1.16286
1.16429 1.16429
1.16571 1.16571
1.16714 1.16714
1.16857 1.16857
1.17 1.17
1.17143 1.17143
1.17286 1.17286
1.17429 1.17429
1.17571 1.17571
1.17714 1.17714
1.17857 1.17857
1.18 1.18
1.18143 1.18143
1.18286 1.18286
1.18429 1.18429
1.18571 1.18571
1.18714 1.18714
1.18857 1.18857
1.19 1.19
1.19143 1.19143
1.19286 1.19286
1.19429 1.19429
1.19571 1.19571
1.19714 1.19714
1.19857 1.19857
1.2 1.2
1.20143 1.20143
1.20286 1.20286
1.20429 1.20429
1.20571 1.20571
1.20714 1.20714
1.20857 1.20857
1.21 1.21
1.21143 1.21143
1.21286 1.21286
1.21429 1.21429
1.21571 1.21571
1.21714 1.21714
1.21857 1.21857
1.22 1.22
1.22143 1.22143
1.22286 1.22286
1.22429 1.22429
1.22571 1.22571
1.22714 1.22714
1.22857 1.22857
1.23 1.23
1.23143 1.23143
1.23286 1.23286
1.23429 1.23429
1.23571 1.23571
1.23714 1.23714
1.23857 1.23857
1.24 1.24
1.24143 1.24143
1.24286 1.24286
1.24429 1.24429
1.24571 1.24571
1.24714 1.24714
1.24857 1.24857
1.25 1.25
1.25143 1.25143
1.25286 1.25286
1.25429 1.25429
1.25571 1.25571
1.25714 1.25714
1.25857 1.25857
1.26 1.26
1.26143 1.26143
1.26286 1.26286
1.26429 1.26429
1.26571 1.26571
1.26714 1.26714
1.26857 1.26857
1.27 1.27
1.27143 1.27143
1.27286 1.27286
1.27429 1.27429
1.27571 1.27571
1.27714 1.27714
1.27857 1.27857
1.28 1.28
1.28143 1.28143
1.28286 1.28286
1.28429 1.28429
1.28571 1.28571
1.28714 1.28714
1.28857 1.28857
1.29 1.29
1.29143 1.29143
1.29286 1.29286
1.29429 1.29429
1.29571 1.29571
1.29714 1.29714
1.29857 1.29857
1.3 1.3
1.30143 1.30143
1.30286 1.30286
1.30429 1.30429
1.30571 1.30571
1.30714 1.30714
1.30857 1.30857
1.31 1.31
1.31143 1.31143
1.31286 1.31286
1.31429 1.31429
1.31571 1.31571
1.31714 1.31714
1.31857 1.31857
1.32 1.32
1.32143 1.32143
1.32286 1.32286
1.32429 1.32429
1.32571 1.32571
1.32714 1.32714
1.32857 1.32857
1.33 1.33
1.33143 1.33143
1.33286 1.33286
1.33429 1.33429
1.33571 1.33571
1.33714 1.33714
1.33857 1.33857
1.34 1.34
1.34143 1.34143
1.34286 1.34286
1.34429 1.34429
1.34571 1.34571
1.34714 1.34714
1.34857 1.34857
1.35 1.35
1.35143 1.35143
1.35286 1.35286
1.35429 1.35429
1.35571 1.35571
1.35714 1.35714
1.35857 1.35857
1.36 1.36
1.36143 1.36143
1.36286 1.36286
1.36429 1.36429
1.36571 1.36571
1.36714 1.36714
1.36857 1.36857
1.37 1.37
1.37143 1.37143
1.37286 1.37286
1.37429 1.37429
1.37571 1.37571
1.37714 1.37714
1.37857 1.37857
1.38 1.38
1.38143 1.38143
1.38286 1.38286
1.38429 1.38429
1.38571 1.38571
1.38714 1.38714
1.38857 1.38857
1.39 1.39
1.39143 1.39143
1.39286 1.39286
1.39429 1.39429
1.39571 1.39571
1.39714 1.39714
1.39857 1.39857
1.4 1.4
1.40143 1.40143
1.40286 1.40286
1.40429 1.40429
1.40571 1.40571
1.40714 1.40714
1.40857 1.40857
1.41 1.41
1.41143 1.41143
1.41286 1.41286
1.41429 1.41429
1.41571 1.41571
1.41714 1.41714
1.41857 1.41857
1.42 1.42
1.42143 1.42143
1.42286 1.42286
1.42429 1.42429
1.42571 1.42571
1.42714 1.42714
