-1.25 1.25
-1.24875 1.24875
-1.2475 1.2475
-1.24625 1.24625
-1.245 1.245
-1.24375 1.24375
-1.2425 1.2425
-1.24125 1.24125
-1.24 1.24
-1.23875 1.23875
-1.2375 1.2375
-1.23625 1.23625
-1.235 1.235
-1.23375 1.23375
-1.2325 1.2325
-1.23125 1.23125
-1.23 1.23
-1.22875 1.22875
-1.2275 1.2275
-1.22625 1.22625
-1.225 1.225
-1.22375 1.22375
-1.2225 1.2225
-1.22125 1.22125
-1.22 1.22
-1.21875 1.21875
-1.2175 1.2175
-1.21625 1.21625
-1.215 1.215
-1.21375 1.21375
-1.2125 1.2125
-1.21125 1.21125
-1.21 1.21
-1.20875 1.20875
-1.2075 1.2075
-1.20625 1.20625
-1.205 1.205
-1.20375 1.20375
-1.2025 1.2025
-1.20125 1.20125
-1.2 1.2
-1.19875 1.19875
-1.1975 1.1975
-1.19625 1.19625
-1.195 1.195
-1.19375 1.19375
-1.1925 1.1925
-1.19125 1.19125
-1.19 1.19
-1.18875 1.18875
-1.1875 1.1875
-1.18625 1.18625
-1.185 1.185
-1.18375 1.18375
-1.1825 1.1825
-1.18125 1.18125
-1.18 1.18
-1.17875 1.17875
-1.1775 1.1775
-1.17625 1.17625
-1.175 1.175
-1.17375 1.17375
-1.1725 1.1725
-1.17125 1.17125
-1.17 1.17
-1.16875 1.16875
-1.1675 1.1675
-1.16625 1.16625
-1.165 1.165
-1.16375 1.16375
-1.1625 1.1625
-1.16125 1.16125
-1.16 1.16
-1.15875 1.15875
-1.1575 1.1575
-1.15625 1.15625
-1.155 1.155
-1.15375 1.15375
-1.1525 1.1525
-1.15125 1.15125
-1.15 1.15
-1.14875 1.14875
-1.1475 1.1475
-1.14625 1.14625
-1.145 1.145
-1.14375 1.14375
-1.1425 1.1425
-1.14125 1.14125
-1.14 1.14
-1.13875 1.13875
-1.1375 1.1375
-1.13625 1.13625
-1.135 1.135
-1.13375 1.13375
-1.1325 1.1325
-1.13125 1.13125
-1.13 1.13
-1.12875 1.12875
-1.1275 1.1275
-1.12625 1.12625
-1.125 1.125
-1.12375 1.12375
-1.1225 1.1225
-1.12125 1.12125
-1.12 1.12
-1.11875 1.11875
-1.1175 1.1175
-1.11625 1.11625
-1.115 1.115
-1.11375 1.11375
-1.1125 1.1125
-1.11125 1.11125
-1.11 1.11
-1.10875 1.10875
-1.1075 1.1075
-1.10625 1.10625
-1.105 1.105
-1.10375 1.10375
-1.1025 1.1025
-1.10125 1.10125
-1.1 1.1
-1.09875 1.09875
-1.0975 1.0975
-1.09625 1.09625
-1.095 1.095
-1.09375 1.09375
-1.0925 1.0925
-1.09125 1.09125
-1.09 1.09
-1.08875 1.08875
-1.0875 1.0875
-1.08625 1.08625
-1.085 1.085
-1.08375 1.08375
-1.0825 1.0825
-1.08125 1.08125
-1.08 1.08
-1.07875 1.07875
-1.0775 1.0775
-1.07625 1.07625
-1.075 1.075
-1.07375 1.07375
-1.0725 1.0725
-1.07125 1.07125
-1.07 1.07
-1.06875 1.06875
-1.0675 1.0675
-1.06625 1.06625
-1.065 1.065
-1.06375 1.06375
-1.0625 1.0625
-1.06125 1.06125
-1.06 1.06
-1.05875 1.05875
-1.0575 1.0575
-1.05625 1.05625
-1.055 1.055
-1.05375 1.05375
-1.0525 1.0525
-1.05125 1.05125
-1.05 1.05
-1.04875 1.04875
-1.0475 1.0475
-1.04625 1.04625
-1.045 1.045
-1.04375 1.04375
-1.0425 1.0425
-1.04125 1.04125
-1.04 1.04
-1.03875 1.03875
-1.0375 1.0375
-1.03625 1.03625
-1.035 1.035
-1.03375 1.03375
-1.0325 1.0325
-1.03125 1.03125
-1.03 1.03
-1.02875 1.02875
-1.0275 1.0275
-1.02625 1.02625
-1.025 1.025
-1.02375 1.02375
-1.0225 1.0225
-1.02125 1.02125
-1.02 1.02
-1.01875 1.01875
-1.0175 1.0175
-1.01625 1.01625
-1.015 1.015
-1.01375 1.01375
-1.0125 1.0125
-1.01125 1.01125
-1.01 1.01
-1.00875 1.00875
-1.0075 1.0075
-1.00625 1.00625
-1.005 1.005
-1.00375 1.00375
-1.0025 1.0025
-1.00125 1.00125
-1 1
-0.99875 0.99875
-0.9975 0.9975
-0.99625 0.99625
-0.995 0.995
-0.99375 0.99375
-0.9925 0.9925
-0.99125 0.99125
-0.99 0.99
-0.98875 0.98875
-0.9875 0.9875
-0.98625 0.98625
-0.985 0.985
-0.98375 0.98375
-0.9825 0.9825
-0.98125 0.98125
-0.98 0.98
-0.97875 0.97875
-0.9775 0.9775
-0.97625 0.97625
-0.975 0.975
-0.97375 0.97375
-0.9725 0.9725
-0.97125 0.97125
-0.97 0.97
-0.96875 0.96875
-0.9675 0.9675
-0.96625 0.96625
-0.965 0.965
-0.96375 0.96375
-0.9625 0.9625
-0.96125 0.96125
-0.96 0.96
-0.95875 0.95875
-0.9575 0.9575
-0.95625 0.95625
-0.955 0.955
-0.95375 0.95375
-0.9525 0.9525
-0.95125 0.95125
-0.95 0.95
-0.94875 0.94875
-0.9475 0.9475
-0.94625 0.94625
-0.945 0.945
-0.94375 0.94375
-0.9425 0.9425
-0.94125 0.94125
-0.94 0.94
-0.93875 0.93875
-0.9375 0.9375
-0.93625 0.93625
-0.935 0.935
-0.93375 0.93375
-0.9325 0.9325
-0.93125 0.93125
-0.93 0.93
-0.92875 0.92875
-0.9275 0.9275
-0.92625 0.92625
-0.925 0.925
-0.92375 0.92375
-0.9225 0.9225
-0.92125 0.92125
-0.92 0.92
-0.91875 0.91875
-0.9175 0.9175
-0.91625 0.91625
-0.915 0.915
-0.91375 0.91375
-0.9125 0.9125
-0.91125 0.91125
-0.91 0.91
-0.90875 0.90875
-0.9075 0.9075
-0.90625 0.90625
-0.905 0.905
-0.90375 0.90375
-0.9025 0.9025
-0.90125 0.90125
-0.9 0.9
-0.89875 0.89875
-0.8975 0.8975
-0.89625 0.89625
-0.895 0.895
-0.89375 0.89375
-0.8925 0.8925
-0.89125 0.89125
-0.89 0.89
-0.88875 0.88875
-0.8875 0.8875
-0.88625 0.88625
-0.885 0.885
-0.88375 0.88375
-0.8825 0.8825
-0.88125 0.88125
-0.88 0.88
-0.87875 0.87875
-0.8775 0.8775
-0.87625 0.87625
-0.875 0.875
-0.87375 0.87375
-0.8725 0.8725
-0.87125 0.87125
-0.87 0.87
-0.86875 0.86875
-0.8675 0.8675
-0.86625 0.86625
-0.865 0.865
-0.86375 0.86375
-0.8625 0.8625
-0.86125 0.86125
-0.86 0.86
-0.85875 0.85875
-0.8575 0.8575
-0.85625 0.85625
-0.855 0.855
-0.85375 0.85375
-0.8525 0.8525
-0.85125 0.85125
-0.85 0.85
-0.84875 0.84875
-0.8475 0.8475
-0.84625 0.84625
-0.845 0.845
-0.84375 0.84375
-0.8425 0.8425
-0.84125 0.84125
-0.84 0.84
-0.83875 0.83875
-0.8375 0.8375
-0.83625 0.83625
-0.835 0.835
-0.83375 0.83375
-0.8325 0.8325
-0.83125 0.83125
-0.83 0.83
-0.82875 0.82875
-0.8275 0.8275
-0.82625 0.82625
-0.825 0.825
-0.82375 0.82375
-0.8225 0.8225
-0.82125 0.82125
-0.82 0.82
-0.81875 0.81875
-0.8175 0.8175
-0.81625 0.81625
-0.815 0.815
-0.81375 0.81375
-0.8125 0.8125
-0.81125 0.81125
-0.81 0.81
-0.80875 0.80875
-0.8075 0.8075
-0.80625 0.80625
-0.805 0.805
-0.80375 0.80375
-0.8025 0.8025
-0.80125 0.80125
-0.8 0.8
-0.79875 0.79875
-0.7975 0.7975
-0.79625 0.79625
-0.795 0.795
-0.79375 0.79375
-0.7925 0.7925
-0.79125 0.79125
-0.79 0.79
-0.78875 0.78875
-0.7875 0.7875
-0.78625 0.78625
-0.785 0.785
-0.78375 0.78375
-0.7825 0.7825
-0.78125 0.78125
-0.78 0.78
-0.77875 0.77875
-0.7775 0.7775
-0.77625 0.77625
-0.775 0.775
-0.77375 0.77375
-0.7725 0.7725
-0.77125 0.77125
-0.77 0.77
-0.76875 0.76875
-0.7675 0.7675
-0.76625 0.76625
-0.765 0.765
-0.76375 0.76375
-0.7625 0.7625
-0.76125 0.76125
-0.76 0.76
-0.75875 0.75875
-0.7575 0.7575
-0.75625 0.75625
-0.755 0.755
-0.75375 0.75375
-0.7525 0.7525
-0.75125 0.75125
-0.75 0.75
-0.74875 0.74875
-0.7475 0.7475
-0.74625 0.74625
-0.745 0.745
-0.74375 0.74375
-0.7425 0.7425
-0.74125 0.74125
-0.74 0.74
-0.73875 0.73875
-0.7375 0.7375
-0.73625 0.73625
-0.735 0.735
-0.73375 0.73375
-0.7325 0.7325
-0.73125 0.73125
-0.73 0.73
-0.72875 0.72875
-0.7275 0.7275
-0.72625 0.72625
-0.725 0.725
-0.72375 0.72375
-0.7225 0.7225
-0.72125 0.72125
-0.72 0.72
-0.71875 0.71875
-0.7175 0.7175
-0.71625 0.71625
-0.715 0.715
-0.71375 0.71375
-0.7125 0.7125
-0.71125 0.71125
-0.71 0.71
-0.70875 0.70875
-0.7075 0.7075
-0.70625 0.70625
-0.705 0.705
-0.70375 0.70375
-0.7025 0.7025
-0.70125 0.70125
-0.7 0.7
-0.69875 0.69875
-0.6975 0.6975
-0.69625 0.69625
-0.695 0.695
-0.69375 0.69625
-0.6925 0.695
-0.69125 0.69375
-0.69 0.6925
-0.68875 0.69125
-0.6875 0.69
-0.68625 0.68875
-0.685 0.69
-0.68375 0.68875
-0.6825 0.6875
-0.68125 0.68625
-0.68 0.685
-0.67875 0.68375
-0.6775 0.6825
-0.67625 0.68125
-0.675 0.68
-0.67375 0.67875
-0.6725 0.6775
-0.67125 0.67625
-0.67 0.675
-0.66875 0.67375
-0.6675 0.6725
-0.66625 0.67125
-0.665 0.67
-0.66375 0.66875
-0.6625 0.6675
-0.66125 0.66625
-0.66 0.665
-0.65875 0.66375
-0.6575 0.6625
-0.65625 0.66125
-0.655 0.66
-0.65375 0.65875
-0.6525 0.6575
-0.65125 0.65625
-0.65 0.655
-0.64875 0.65375
-0.6475 0.6525
-0.64625 0.65125
-0.645 0.65
-0.64375 0.64875
-0.6425 0.6475
-0.64125 0.64625
-0.64 0.645
-0.63875 0.64375
-0.6375 0.6425
-0.63625 0.64125
-0.635 0.64
-0.63375 0.63875
-0.6325 0.6375
-0.63125 0.63625
-0.63 0.635
-0.62875 0.63375
-0.6275 0.6325
-0.62625 0.63125
-0.625 0.63
-0.62375 0.62875
-0.6225 0.6275
-0.62125 0.62625
-0.62 0.625
-0.61875 0.62375
-0.6175 0.6225
-0.61625 0.62125
-0.615 0.62
-0.61375 0.61875
-0.6125 0.6175
-0.61125 0.61625
-0.61 0.615
-0.60875 0.61375
-0.6075 0.6125
-0.60625 0.61125
-0.605 0.61
-0.60375 0.60875
-0.6025 0.6075
-0.60125 0.60625
-0.6 0.605
-0.59875 0.60375
-0.5975 0.6025
-0.59625 0.60125
-0.595 0.6
-0.59375 0.59875
-0.5925 0.5975
-0.59125 0.59625
-0.59 0.595
-0.58875 0.59375
-0.5875 0.5925
-0.58625 0.59125
-0.585 0.5925
-0.58375 0.59125
-0.5825 0.59
-0.58125 0.58875
-0.58 0.5875
-0.57875 0.58625
-0.5775 0.585
-0.57625 0.58375
-0.575 0.5825
-0.57375 0.58125
-0.5725 0.58
-0.57125 0.57875
-0.57 0.5775
-0.56875 0.57625
-0.5675 0.575
-0.56625 0.57375
-0.565 0.5725
-0.56375 0.57125
-0.5625 0.57
-0.56125 0.56875
-0.56 0.5675
-0.55875 0.56625
-0.5575 0.565
-0.55625 0.56375
-0.555 0.5625
-0.55375 0.56125
-0.5525 0.56
-0.55125 0.56125
-0.55 0.56
-0.54875 0.55875
-0.5475 0.5575
-0.54625 0.55625
-0.545 0.555
-0.54375 0.55375
-0.5425 0.5525
-0.54125 0.55375
-0.54 0.5525
-0.53875 0.55125
-0.5375 0.55
-0.53625 0.54875
-0.535 0.5475
-0.53375 0.54625
-0.5325 0.545
-0.53125 0.54375
-0.53 0.5425
-0.52875 0.54125
-0.5275 0.5425
-0.52625 0.54125
-0.525 0.5425
-0.52375 0.54125
-0.5225 0.54
-0.52125 0.53875
-0.52 0.5375
-0.51875 0.53625
-0.5175 0.535
-0.51625 0.53375
-0.515 0.5325
-0.51375 0.53125
-0.5125 0.53
-0.51125 0.52875
-0.51 0.5275
-0.50875 0.52625
-0.5075 0.525
-0.50625 0.52375
-0.505 0.5225
-0.50375 0.52375
-0.5025 0.5225
-0.50125 0.52125
-0.5 0.52
-0.49875 0.51875
-0.4975 0.5175
-0.49625 0.51625
-0.495 0.515
-0.49375 0.51375
-0.4925 0.5125
-0.49125 0.51125
-0.49 0.51
-0.48875 0.50875
-0.4875 0.5075
-0.48625 0.50625
-0.485 0.505
-0.48375 0.50375
-0.4825 0.5025
-0.48125 0.50125
-0.48 0.5
-0.47875 0.49875
-0.4775 0.4975
-0.47625 0.49625
-0.475 0.495
-0.47375 0.49375
-0.4725 0.4925
-0.47125 0.49125
-0.47 0.49
-0.46875 0.48875
-0.4675 0.4875
-0.46625 0.48875
-0.465 0.4875
-0.46375 0.48625
-0.4625 0.485
-0.46125 0.48375
-0.46 0.4825
-0.45875 0.48125
-0.4575 0.48
-0.45625 0.47875
-0.455 0.48
-0.45375 0.47875
-0.4525 0.4775
-0.45125 0.47625
-0.45 0.475
-0.44875 0.47375
-0.4475 0.4725
-0.44625 0.47125
-0.445 0.47
-0.44375 0.47125
-0.4425 0.47
-0.44125 0.46875
-0.44 0.4675
-0.43875 0.46625
-0.4375 0.465
-0.43625 0.46375
-0.435 0.4625
-0.43375 0.46125
-0.4325 0.46
-0.43125 0.45875
-0.43 0.4575
-0.42875 0.45625
-0.4275 0.455
-0.42625 0.45375
-0.425 0.455
-0.42375 0.45375
-0.4225 0.455
-0.42125 0.45375
-0.42 0.4525
-0.41875 0.45125
-0.4175 0.45
-0.41625 0.45125
-0.415 0.45
-0.41375 0.44875
-0.4125 0.4475
-0.41125 0.44625
-0.41 0.445
-0.40875 0.44375
-0.4075 0.4425
-0.40625 0.44125
-0.405 0.44
-0.40375 0.43875
-0.4025 0.4375
-0.40125 0.43875
-0.4 0.4375
-0.39875 0.43875
-0.3975 0.44
-0.39625 0.44125
-0.395 0.44
-0.39375 0.43875
-0.3925 0.44
-0.39125 0.44125
-0.39 0.44
-0.38875 0.44125
-0.3875 0.44
-0.38625 0.43875
-0.385 0.4375
-0.38375 0.43875
-0.3825 0.4375
-0.38125 0.43875
-0.38 0.4375
-0.37875 0.43625
-0.3775 0.435
-0.37625 0.43375
-0.375 0.4325
-0.37375 0.43125
-0.3725 0.43
-0.37125 0.42875
-0.37 0.4275
-0.36875 0.42875
-0.3675 0.43
-0.36625 0.43125
-0.365 0.4325
-0.36375 0.43125
-0.3625 0.43
-0.36125 0.42875
-0.36 0.4275
-0.35875 0.42625
-0.3575 0.4275
-0.35625 0.42625
-0.355 0.425
-0.35375 0.42625
-0.3525 0.425
-0.35125 0.42375
-0.35 0.4225
-0.34875 0.42125
-0.3475 0.4225
-0.34625 0.42125
-0.345 0.42
-0.34375 0.41875
-0.3425 0.4175
-0.34125 0.41625
-0.34 0.415
-0.33875 0.41625
-0.3375 0.415
-0.33625 0.41375
-0.335 0.4125
-0.33375 0.41125
-0.3325 0.4125
-0.33125 0.41125
-0.33 0.41
-0.32875 0.40875
-0.3275 0.4075
-0.32625 0.40625
-0.325 0.4075
-0.32375 0.40875
-0.3225 0.4075
-0.32125 0.40625
-0.32 0.405
-0.31875 0.40375
-0.3175 0.4025
-0.31625 0.40125
-0.315 0.4
-0.31375 0.39875
-0.3125 0.3975
-0.31125 0.39625
-0.31 0.395
-0.30875 0.39375
-0.3075 0.3925
-0.30625 0.39375
-0.305 0.3925
-0.30375 0.39125
-0.3025 0.39
-0.30125 0.39125
-0.3 0.3925
-0.29875 0.39125
-0.2975 0.3925
-0.29625 0.39375
-0.295 0.3925
-0.29375 0.39125
-0.2925 0.39
-0.29125 0.38875
-0.29 0.3875
-0.28875 0.38625
-0.2875 0.385
-0.28625 0.38625
-0.285 0.385
-0.28375 0.38375
-0.2825 0.385
-0.28125 0.38375
-0.28 0.385
-0.27875 0.38625
-0.2775 0.385
-0.27625 0.38375
-0.275 0.3825
-0.27375 0.38125
-0.2725 0.38
-0.27125 0.37875
-0.27 0.3775
-0.26875 0.37625
-0.2675 0.3775
-0.26625 0.37625
-0.265 0.375
-0.26375 0.37375
-0.2625 0.3725
-0.26125 0.37125
-0.26 0.37
-0.25875 0.36875
-0.2575 0.37
-0.25625 0.37125
-0.255 0.3725
-0.25375 0.37125
-0.2525 0.37
-0.25125 0.36875
-0.25 0.3675
-0.24875 0.36625
-0.2475 0.365
-0.24625 0.36375
-0.245 0.3625
-0.24375 0.36125
-0.2425 0.36
-0.24125 0.35875
-0.24 0.3575
-0.23875 0.35625
-0.2375 0.355
-0.23625 0.35375
-0.235 0.355
-0.23375 0.35375
-0.2325 0.355
-0.23125 0.35375
-0.23 0.355
-0.22875 0.35625
-0.2275 0.3575
-0.22625 0.35875
-0.225 0.3575
-0.22375 0.35875
-0.2225 0.3575
-0.22125 0.35625
-0.22 0.355
-0.21875 0.35375
-0.2175 0.355
-0.21625 0.35375
-0.215 0.3525
-0.21375 0.35125
-0.2125 0.35
-0.21125 0.35125
-0.21 0.35
-0.20875 0.35125
-0.2075 0.35
-0.20625 0.34875
-0.205 0.35
-0.20375 0.34875
-0.2025 0.3475
-0.20125 0.34875
-0.2 0.35
-0.19875 0.35125
-0.1975 0.3525
-0.19625 0.35125
-0.195 0.35
-0.19375 0.34875
-0.1925 0.35
-0.19125 0.34875
-0.19 0.35
-0.18875 0.35125
-0.1875 0.3525
-0.18625 0.35125
-0.185 0.3525
-0.18375 0.35375
-0.1825 0.355
-0.18125 0.35625
-0.18 0.355
-0.17875 0.35375
-0.1775 0.3525
-0.17625 0.35375
-0.175 0.3525
-0.17375 0.35125
-0.1725 0.35
-0.17125 0.34875
-0.17 0.3475
-0.16875 0.34625
-0.1675 0.345
-0.16625 0.34375
-0.165 0.3425
-0.16375 0.34125
-0.1625 0.3425
-0.16125 0.34375
-0.16 0.3425
-0.15875 0.34125
-0.1575 0.34
-0.15625 0.33875
-0.155 0.34
-0.15375 0.33875
-0.1525 0.3375
-0.15125 0.33875
-0.15 0.34
-0.14875 0.34125
-0.1475 0.34
-0.14625 0.33875
-0.145 0.34
-0.14375 0.34125
-0.1425 0.34
-0.14125 0.33875
-0.14 0.3375
-0.13875 0.33875
-0.1375 0.3375
-0.13625 0.33625
-0.135 0.335
-0.13375 0.33375
-0.1325 0.3325
-0.13125 0.33125
-0.13 0.3325
-0.12875 0.33125
-0.1275 0.33
-0.12625 0.33125
-0.125 0.33
-0.12375 0.32875
-0.1225 0.3275
-0.12125 0.32625
-0.12 0.3275
-0.11875 0.32625
-0.1175 0.325
-0.11625 0.32375
-0.115 0.325
-0.11375 0.32375
-0.1125 0.3225
-0.11125 0.32125
-0.11 0.32
-0.10875 0.31875
-0.1075 0.32
-0.10625 0.31875
-0.105 0.3175
-0.10375 0.31625
-0.1025 0.3175
-0.10125 0.31625
-0.1 0.315
-0.09875 0.31625
-0.0975 0.315
-0.09625 0.31375
-0.095 0.3125
-0.09375 0.31125
-0.0925 0.3125
-0.09125 0.31125
-0.09 0.31
-0.08875 0.30875
-0.0875 0.3075
-0.08625 0.30625
-0.085 0.305
-0.08375 0.30375
-0.0825 0.3025
-0.08125 0.30125
-0.08 0.3
-0.07875 0.29875
-0.0775 0.2975
-0.07625 0.29625
-0.075 0.295
-0.07375 0.29625
-0.0725 0.2975
-0.07125 0.29875
-0.07 0.2975
-0.06875 0.29875
-0.0675 0.2975
-0.06625 0.29625
-0.065 0.295
-0.06375 0.29375
-0.0625 0.295
-0.06125 0.29375
-0.06 0.295
-0.05875 0.29625
-0.0575 0.295
-0.05625 0.29625
-0.055 0.295
-0.05375 0.29375
-0.0525 0.2925
-0.05125 0.29125
-0.05 0.2925
-0.04875 0.29375
-0.0475 0.2925
-0.04625 0.29125
-0.045 0.2925
-0.04375 0.29375
-0.0425 0.295
-0.04125 0.29375
-0.04 0.295
-0.03875 0.29625
-0.0375 0.2975
-0.03625 0.29875
-0.035 0.3
-0.03375 0.30125
-0.0325 0.3025
-0.03125 0.30375
-0.03 0.3025
-0.02875 0.30375
-0.0275 0.3025
-0.02625 0.30125
-0.025 0.3025
-0.02375 0.30375
-0.0225 0.305
-0.02125 0.30375
-0.02 0.3025
-0.01875 0.30125
-0.0175 0.3
-0.01625 0.30125
-0.015 0.3025
-0.01375 0.30375
-0.0125 0.3025
-0.01125 0.30375
-0.01 0.305
-0.00875 0.30625
-0.0075 0.3075
-0.00625 0.30625
-0.005 0.3075
-0.00375 0.30875
-0.0025 0.3075
-0.00125 0.30625
0 0.3075
0.00125 0.30625
0.0025 0.305
0.00375 0.30375
0.005 0.3025
0.00625 0.30375
0.0075 0.305
0.00875 0.30625
0.01 0.305
0.01125 0.30625
0.0125 0.305
0.01375 0.30625
0.015 0.3075
0.01625 0.30875
0.0175 0.31
0.01875 0.30875
0.02 0.3075
0.02125 0.30625
0.0225 0.3075
0.02375 0.30625
0.025 0.3075
0.02625 0.30625
0.0275 0.305
0.02875 0.30375
0.03 0.305
0.03125 0.30625
0.0325 0.305
0.03375 0.30375
0.035 0.305
0.03625 0.30625
0.0375 0.305
0.03875 0.30375
0.04 0.3025
0.04125 0.30125
0.0425 0.3
0.04375 0.29875
0.045 0.2975
0.04625 0.29875
0.0475 0.3
0.04875 0.30125
0.05 0.3
0.05125 0.30125
0.0525 0.3
0.05375 0.29875
0.055 0.2975
0.05625 0.29875
0.0575 0.3
0.05875 0.29875
0.06 0.2975
0.06125 0.29875
0.0625 0.2975
0.06375 0.29625
0.065 0.295
0.06625 0.29375
0.0675 0.2925
0.06875 0.29375
0.07 0.295
0.07125 0.29625
0.0725 0.295
0.07375 0.29625
0.075 0.2975
0.07625 0.29625
0.0775 0.295
0.07875 0.29625
0.08 0.2975
0.08125 0.29875
0.0825 0.2975
0.08375 0.29875
0.085 0.2975
0.08625 0.29625
0.0875 0.2975
0.08875 0.29625
0.09 0.2975
0.09125 0.29875
0.0925 0.3
0.09375 0.29875
0.095 0.3
0.09625 0.30125
0.0975 0.3025
0.09875 0.30125
0.1 0.3025
0.10125 0.30125
0.1025 0.3025
0.10375 0.30375
0.105 0.3025
0.10625 0.30125
0.1075 0.3025
0.10875 0.30125
0.11 0.3025
0.11125 0.30375
0.1125 0.305
0.11375 0.30625
0.115 0.305
0.11625 0.30625
0.1175 0.3075
0.11875 0.30875
0.12 0.31
0.12125 0.30875
0.1225 0.31
0.12375 0.31125
0.125 0.31
0.12625 0.30875
0.1275 0.31
0.12875 0.31125
0.13 0.3125
0.13125 0.31375
0.1325 0.315
0.13375 0.31625
0.135 0.3175
0.13625 0.31875
0.1375 0.3175
0.13875 0.31625
0.14 0.3175
0.14125 0.31875
0.1425 0.32
0.14375 0.32125
0.145 0.3225
0.14625 0.32375
0.1475 0.3225
0.14875 0.32125
0.15 0.3225
0.15125 0.32375
0.1525 0.3225
0.15375 0.32125
0.155 0.3225
0.15625 0.32375
0.1575 0.325
0.15875 0.32375
0.16 0.3225
0.16125 0.32125
0.1625 0.32
0.16375 0.31875
0.165 0.32
0.16625 0.32125
0.1675 0.3225
0.16875 0.32125
0.17 0.32
0.17125 0.31875
0.1725 0.32
0.17375 0.32125
0.175 0.3225
0.17625 0.32125
0.1775 0.3225
0.17875 0.32375
0.18 0.3225
0.18125 0.32375
0.1825 0.325
0.18375 0.32625
0.185 0.3275
0.18625 0.32875
0.1875 0.33
0.18875 0.33125
0.19 0.3325
0.19125 0.33375
0.1925 0.335
0.19375 0.33375
0.195 0.335
0.19625 0.33625
0.1975 0.3375
0.19875 0.33875
0.2 0.34
0.20125 0.34125
0.2025 0.3425
0.20375 0.34375
0.205 0.345
0.20625 0.34625
0.2075 0.345
0.20875 0.34625
0.21 0.3475
0.21125 0.34875
0.2125 0.35
0.21375 0.35125
0.215 0.3525
0.21625 0.35375
0.2175 0.355
0.21875 0.35625
0.22 0.3575
0.22125 0.35875
0.2225 0.36
0.22375 0.36125
0.225 0.36
0.22625 0.35875
0.2275 0.36
0.22875 0.35875
0.23 0.36
0.23125 0.35875
0.2325 0.3575
0.23375 0.35875
0.235 0.36
0.23625 0.36125
0.2375 0.3625
0.23875 0.36375
0.24 0.3625
0.24125 0.36375
0.2425 0.3625
0.24375 0.36375
0.245 0.365
0.24625 0.36625
0.2475 0.3675
0.24875 0.36875
0.25 0.37
0.25125 0.36875
0.2525 0.3675
0.25375 0.36875
0.255 0.3675
0.25625 0.36875
0.2575 0.37
0.25875 0.37125
0.26 0.3725
0.26125 0.37125
0.2625 0.3725
0.26375 0.37125
0.265 0.3725
0.26625 0.37375
0.2675 0.375
0.26875 0.37625
0.27 0.375
0.27125 0.37625
0.2725 0.3775
0.27375 0.37875
0.275 0.38
0.27625 0.38125
0.2775 0.3825
0.27875 0.38125
0.28 0.3825
0.28125 0.38375
0.2825 0.3825
0.28375 0.38125
0.285 0.38
0.28625 0.38125
0.2875 0.3825
0.28875 0.38375
0.29 0.385
0.29125 0.38375
0.2925 0.385
0.29375 0.38625
0.295 0.3875
0.29625 0.38875
0.2975 0.39
0.29875 0.39125
0.3 0.3925
0.30125 0.39125
0.3025 0.3925
0.30375 0.39375
0.305 0.395
0.30625 0.39625
0.3075 0.3975
0.30875 0.39875
0.31 0.4
0.31125 0.40125
0.3125 0.4025
0.31375 0.40125
0.315 0.4025
0.31625 0.40375
0.3175 0.405
0.31875 0.40625
0.32 0.405
0.32125 0.40625
0.3225 0.4075
0.32375 0.40625
0.325 0.405
0.32625 0.40625
0.3275 0.4075
0.32875 0.40875
0.33 0.41
0.33125 0.40875
0.3325 0.41
0.33375 0.41125
0.335 0.4125
0.33625 0.41125
0.3375 0.4125
0.33875 0.41375
0.34 0.415
0.34125 0.41625
0.3425 0.4175
0.34375 0.41875
0.345 0.4175
0.34625 0.41875
0.3475 0.42
0.34875 0.42125
0.35 0.4225
0.35125 0.42375
0.3525 0.425
0.35375 0.42625
0.355 0.4275
0.35625 0.42625
0.3575 0.425
0.35875 0.42375
0.36 0.425
0.36125 0.42625
0.3625 0.425
0.36375 0.42625
0.365 0.4275
0.36625 0.42875
0.3675 0.43
0.36875 0.43125
0.37 0.4325
0.37125 0.43375
0.3725 0.4325
0.37375 0.43375
0.375 0.4325
0.37625 0.43375
0.3775 0.435
0.37875 0.43625
0.38 0.4375
0.38125 0.43875
0.3825 0.44
0.38375 0.43875
0.385 0.44
0.38625 0.44125
0.3875 0.4425
0.38875 0.44375
0.39 0.445
0.39125 0.44375
0.3925 0.445
0.39375 0.44375
0.395 0.445
0.39625 0.44625
0.3975 0.445
0.39875 0.44625
0.4 0.445
0.40125 0.44625
0.4025 0.4475
0.40375 0.44875
0.405 0.45
0.40625 0.44875
0.4075 0.45
0.40875 0.45125
0.41 0.4525
0.41125 0.45375
0.4125 0.455
0.41375 0.45625
0.415 0.4575
0.41625 0.45875
0.4175 0.46
0.41875 0.46125
0.42 0.4625
0.42125 0.46375
0.4225 0.465
0.42375 0.46625
0.425 0.4675
0.42625 0.46875
0.4275 0.47
0.42875 0.47125
0.43 0.4725
0.43125 0.47375
0.4325 0.4725
0.43375 0.47375
0.435 0.475
0.43625 0.47625
0.4375 0.475
0.43875 0.47625
0.44 0.4775
0.44125 0.47875
0.4425 0.4775
0.44375 0.47875
0.445 0.48
0.44625 0.48125
0.4475 0.4825
0.44875 0.48375
0.45 0.4825
0.45125 0.48375
0.4525 0.485
0.45375 0.48625
0.455 0.4875
0.45625 0.48875
0.4575 0.49
0.45875 0.48875
0.46 0.49
0.46125 0.49125
0.4625 0.4925
0.46375 0.49375
0.465 0.495
0.46625 0.49625
0.4675 0.4975
0.46875 0.49875
0.47 0.5
0.47125 0.50125
0.4725 0.5025
0.47375 0.50375
0.475 0.505
0.47625 0.50375
0.4775 0.505
0.47875 0.50625
0.48 0.505
0.48125 0.50625
0.4825 0.5075
0.48375 0.50875
0.485 0.51
0.48625 0.51125
0.4875 0.5125
0.48875 0.51375
0.49 0.515
0.49125 0.51625
0.4925 0.5175
0.49375 0.51875
0.495 0.52
0.49625 0.52125
0.4975 0.52
0.49875 0.52125
0.5 0.5225
0.50125 0.52375
0.5025 0.525
0.50375 0.52625
0.505 0.5275
0.50625 0.52875
0.5075 0.53
0.50875 0.53125
0.51 0.5325
0.51125 0.53375
0.5125 0.535
0.51375 0.53625
0.515 0.5375
0.51625 0.53875
0.5175 0.5375
0.51875 0.53625
0.52 0.5375
0.52125 0.53875
0.5225 0.54
0.52375 0.54125
0.525 0.5425
0.52625 0.54375
0.5275 0.5425
0.52875 0.54375
0.53 0.545
0.53125 0.54625
0.5325 0.5475
0.53375 0.54875
0.535 0.55
0.53625 0.55125
0.5375 0.5525
0.53875 0.55375
0.54 0.555
0.54125 0.55625
0.5425 0.5575
0.54375 0.55875
0.545 0.56
0.54625 0.56125
0.5475 0.5625
0.54875 0.56375
0.55 0.565
0.55125 0.56625
0.5525 0.5675
0.55375 0.56875
0.555 0.57
0.55625 0.56875
0.5575 0.57
0.55875 0.57125
0.56 0.5725
0.56125 0.57125
0.5625 0.5725
0.56375 0.57375
0.565 0.575
0.56625 0.57625
0.5675 0.5775
0.56875 0.57875
0.57 0.58
0.57125 0.58125
0.5725 0.5825
0.57375 0.58375
0.575 0.585
0.57625 0.58625
0.5775 0.5875
0.57875 0.58875
0.58 0.5875
0.58125 0.58875
0.5825 0.59
0.58375 0.58875
0.585 0.59
0.58625 0.59125
0.5875 0.5925
0.58875 0.59375
0.59 0.595
0.59125 0.59625
0.5925 0.5975
0.59375 0.59875
0.595 0.6
0.59625 0.60125
0.5975 0.6025
0.59875 0.60375
0.6 0.605
0.60125 0.60625
0.6025 0.6075
0.60375 0.60875
0.605 0.61
0.60625 0.61125
0.6075 0.6125
0.60875 0.61375
0.61 0.615
0.61125 0.61625
0.6125 0.6175
0.61375 0.61875
0.615 0.62
0.61625 0.62125
0.6175 0.6225
0.61875 0.62375
0.62 0.625
0.62125 0.62625
0.6225 0.6275
0.62375 0.62875
0.625 0.63
0.62625 0.63125
0.6275 0.6325
0.62875 0.63375
0.63 0.635
0.63125 0.63625
0.6325 0.6375
0.63375 0.63875
0.635 0.64
0.63625 0.64125
0.6375 0.6425
0.63875 0.64375
0.64 0.645
0.64125 0.64625
0.6425 0.6475
0.64375 0.64625
0.645 0.6475
0.64625 0.64875
0.6475 0.65
0.64875 0.65125
0.65 0.6525
0.65125 0.65375
0.6525 0.655
0.65375 0.65625
0.655 0.6575
0.65625 0.65875
0.6575 0.66
0.65875 0.66125
0.66 0.6625
0.66125 0.66375
0.6625 0.665
0.66375 0.66625
0.665 0.6675
0.66625 0.66875
0.6675 0.67
0.66875 0.67125
0.67 0.6725
0.67125 0.67375
0.6725 0.675
0.67375 0.67625
0.675 0.6775
0.67625 0.67875
0.6775 0.68
0.67875 0.68125
0.68 0.6825
0.68125 0.68375
0.6825 0.685
0.68375 0.68625
0.685 0.6875
0.68625 0.68875
0.6875 0.69
0.68875 0.69125
0.69 0.6925
0.69125 0.69375
0.6925 0.695
0.69375 0.69625
0.695 0.6975
0.69625 0.69875
0.6975 0.7
0.69875 0.70125
0.7 0.7025
0.70125 0.70375
0.7025 0.705
0.70375 0.70625
0.705 0.7075
0.70625 0.70875
0.7075 0.71
0.70875 0.71125
0.71 0.7125
0.71125 0.71375
0.7125 0.715
0.71375 0.71625
0.715 0.7175
0.71625 0.71875
0.7175 0.72
0.71875 0.72125
0.72 0.7225
0.72125 0.72375
0.7225 0.725
0.72375 0.72625
0.725 0.7275
0.72625 0.72875
0.7275 0.73
0.72875 0.73125
0.73 0.7325
0.73125 0.73375
0.7325 0.735
0.73375 0.73625
0.735 0.7375
0.73625 0.73875
0.7375 0.74
0.73875 0.74125
0.74 0.7425
0.74125 0.74375
0.7425 0.745
0.74375 0.74625
0.745 0.7475
0.74625 0.74875
0.7475 0.75
0.74875 0.75125
0.75 0.7525
0.75125 0.75375
0.7525 0.755
0.75375 0.75625
0.755 0.7575
0.75625 0.75875
0.7575 0.76
0.75875 0.76125
0.76 0.7625
0.76125 0.76375
0.7625 0.765
0.76375 0.76625
0.765 0.7675
0.76625 0.76875
0.7675 0.77
0.76875 0.77125
0.77 0.7725
0.77125 0.77375
0.7725 0.775
0.77375 0.77625
0.775 0.7775
0.77625 0.77875
0.7775 0.78
0.77875 0.78125
0.78 0.7825
0.78125 0.78375
0.7825 0.785
0.78375 0.78625
0.785 0.7875
0.78625 0.78875
0.7875 0.79
0.78875 0.79125
0.79 0.7925
0.79125 0.79375
0.7925 0.795
0.79375 0.79375
0.795 0.795
0.79625 0.79625
0.7975 0.7975
0.79875 0.79875
0.8 0.8
0.80125 0.80125
0.8025 0.8025
0.80375 0.80375
0.805 0.805
0.80625 0.80625
0.8075 0.8075
0.80875 0.80875
0.81 0.81
0.81125 0.81125
0.8125 0.8125
0.81375 0.81375
0.815 0.815
0.81625 0.81625
0.8175 0.8175
0.81875 0.81875
0.82 0.82
0.82125 0.82125
0.8225 0.8225
0.82375 0.82375
0.825 0.825
0.82625 0.82625
0.8275 0.8275
0.82875 0.82875
0.83 0.83
0.83125 0.83125
0.8325 0.8325
0.83375 0.83375
0.835 0.835
0.83625 0.83625
0.8375 0.8375
0.83875 0.83875
0.84 0.84
0.84125 0.84125
0.8425 0.8425
0.84375 0.84375
0.845 0.845
0.84625 0.84625
0.8475 0.8475
0.84875 0.84875
0.85 0.85
0.85125 0.85125
0.8525 0.8525
0.85375 0.85375
0.855 0.855
0.85625 0.85625
0.8575 0.8575
0.85875 0.85875
0.86 0.86
0.86125 0.86125
0.8625 0.8625
0.86375 0.86375
0.865 0.865
0.86625 0.86625
0.8675 0.8675
0.86875 0.86875
0.87 0.87
0.87125 0.87125
0.8725 0.8725
0.87375 0.87375
0.875 0.875
0.87625 0.87625
0.8775 0.8775
0.87875 0.87875
0.88 0.88
0.88125 0.88125
0.8825 0.8825
0.88375 0.88375
0.885 0.885
0.88625 0.88625
0.8875 0.8875
0.88875 0.88875
0.89 0.89
0.89125 0.89125
0.8925 0.8925
0.89375 0.89375
0.895 0.895
0.89625 0.89625
0.8975 0.8975
0.89875 0.89875
0.9 0.9
0.90125 0.90125
0.9025 0.9025
0.90375 0.90375
0.905 0.905
0.90625 0.90625
0.9075 0.9075
0.90875 0.90875
0.91 0.91
0.91125 0.91125
0.9125 0.9125
0.91375 0.91375
0.915 0.915
0.91625 0.91625
0.9175 0.9175
0.91875 0.91875
0.92 0.92
0.92125 0.92125
0.9225 0.9225
0.92375 0.92375
0.925 0.925
0.92625 0.92625
0.9275 0.9275
0.92875 0.92875
0.93 0.93
0.93125 0.93125
0.9325 0.9325
0.93375 0.93375
0.935 0.935
0.93625 0.93625
0.9375 0.9375
0.93875 0.93875
0.94 0.94
0.94125 0.94125
0.9425 0.9425
0.94375 0.94375
0.945 0.945
0.94625 0.94625
0.9475 0.9475
0.94875 0.94875
0.95 0.95
0.95125 0.95125
0.9525 0.9525
0.95375 0.95375
0.955 0.955
0.95625 0.95625
0.9575 0.9575
0.95875 0.95875
0.96 0.96
0.96125 0.96125
0.9625 0.9625
0.96375 0.96375
0.965 0.965
0.96625 0.96625
0.9675 0.9675
0.96875 0.96875
0.97 0.97
0.97125 0.97125
0.9725 0.9725
0.97375 0.97375
0.975 0.975
0.97625 0.97625
0.9775 0.9775
0.97875 0.97875
0.98 0.98
0.98125 0.98125
0.9825 0.9825
0.98375 0.98375
0.985 0.985
0.98625 0.98625
0.9875 0.9875
0.98875 0.98875
0.99 0.99
0.99125 0.99125
0.9925 0.9925
0.99375 0.99375
0.995 0.995
0.99625 0.99625
0.9975 0.9975
0.99875 0.99875
1 1
1.00125 1.00125
1.0025 1.0025
1.00375 1.00375
1.005 1.005
1.00625 1.00625
1.0075 1.0075
1.00875 1.00875
1.01 1.01
1.01125 1.01125
1.0125 1.0125
1.01375 1.01375
1.015 1.015
1.01625 1.01625
1.0175 1.0175
1.01875 1.01875
1.02 1.02
1.02125 1.02125
1.0225 1.0225
1.02375 1.02375
1.025 1.025
1.02625 1.02625
1.0275 1.0275
1.02875 1.02875
1.03 1.03
1.03125 1.03125
1.0325 1.0325
1.03375 1.03375
1.035 1.035
1.03625 1.03625
1.0375 1.0375
1.03875 1.03875
1.04 1.04
1.04125 1.04125
1.0425 1.0425
1.04375 1.04375
1.045 1.045
1.04625 1.04625
1.0475 1.0475
1.04875 1.04875
1.05 1.05
1.05125 1.05125
1.0525 1.0525
1.05375 1.05375
1.055 1.055
1.05625 1.05625
1.0575 1.0575
1.05875 1.05875
1.06 1.06
1.06125 1.06125
1.0625 1.0625
1.06375 1.06375
1.065 1.065
1.06625 1.06625
1.0675 1.0675
1.06875 1.06875
1.07 1.07
1.07125 1.07125
1.0725 1.0725
1.07375 1.07375
1.075 1.075
1.07625 1.07625
1.0775 1.0775
1.07875 1.07875
1.08 1.08
1.08125 1.08125
1.0825 1.0825
1.08375 1.08375
1.085 1.085
1.08625 1.08625
1.0875 1.0875
1.08875 1.08875
1.09 1.09
1.09125 1.09125
1.0925 1.0925
1.09375 1.09375
1.095 1.095
1.09625 1.09625
1.0975 1.0975
1.09875 1.09875
1.1 1.1
1.10125 1.10125
1.1025 1.1025
1.10375 1.10375
1.105 1.105
1.10625 1.10625
1.1075 1.1075
1.10875 1.10875
1.11 1.11
1.11125 1.11125
1.1125 1.1125
1.11375 1.11375
1.115 1.115
1.11625 1.11625
1.1175 1.1175
1.11875 1.11875
1.12 1.12
1.12125 1.12125
1.1225 1.1225
1.12375 1.12375
1.125 1.125
1.12625 1.12625
1.1275 1.1275
1.12875 1.12875
1.13 1.13
1.13125 1.13125
1.1325 1.1325
1.13375 1.13375
1.135 1.135
1.13625 1.13625
1.1375 1.1375
1.13875 1.13875
1.14 1.14
1.14125 1.14125
1.1425 1.1425
1.14375 1.14375
1.145 1.145
1.14625 1.14625
1.1475 1.1475
1.14875 1.14875
1.15 1.15
1.15125 1.15125
1.1525 1.1525
1.15375 1.15375
1.155 1.155
1.15625 1.15625
1.1575 1.1575
1.15875 1.15875
1.16 1.16
1.16125 1.16125
1.1625 1.1625
1.16375 1.16375
1.165 1.165
1.16625 1.16625
1.1675 1.1675
1.16875 1.16875
1.17 1.17
1.17125 1.17125
1.1725 1.1725
1.17375 1.17375
1.175 1.175
1.17625 1.17625
1.1775 1.1775
1.17875 1.17875
1.18 1.18
1.18125 1.18125
1.1825 1.1825
1.18375 1.18375
1.185 1.185
1.18625 1.18625
1.1875 1.1875
1.18875 1.18875
1.19 1.19
1.19125 1.19125
1.1925 1.1925
1.19375 1.19375
1.195 1.195
1.19625 1.19625
1.1975 1.1975
1.19875 1.19875
1.2 1.2
1.20125 1.20125
1.2025 1.2025
1.20375 1.20375
1.205 1.205
1.20625 1.20625
1.2075 1.2075
1.20875 1.20875
1.21 1.21
1.21125 1.21125
1.2125 1.2125
1.21375 1.21375
1.215 1.215
1.21625 1.21625
1.2175 1.2175
1.21875 1.21875
1.22 1.22
1.22125 1.22125
1.2225 1.2225
1.22375 1.22375
1.225 1.225
1.22625 1.22625
1.2275 1.2275
1.22875 1.22875
1.23 1.23
1.23125 1.23125
1.2325 1.2325
1.23375 1.23375
1.235 1.235
1.23625 1.23625
1.2375 1.2375
1.23875 1.23875
1.24 1.24
1.24125 1.24125
1.2425 1.2425
1.24375 1.24375
1.245 1.245
1.24625 1.24625
1.2475 1.2475
1.24875 1.24875
