-0.769231 0.769231
-0.768462 0.768462
-0.767692 0.767692
-0.766923 0.766923
-0.766154 0.766154
-0.765385 0.765385
-0.764615 0.764615
-0.763846 0.763846
-0.763077 0.763077
-0.762308 0.762308
-0.761538 0.761538
-0.760769 0.760769
-0.76 0.76
-0.759231 0.759231
-0.758462 0.758462
-0.757692 0.757692
-0.756923 0.756923
-0.756154 0.756154
-0.755385 0.755385
-0.754615 0.754615
-0.753846 0.753846
-0.753077 0.753077
-0.752308 0.752308
-0.751538 0.751538
-0.750769 0.750769
-0.75 0.75
-0.749231 0.749231
-0.748462 0.748462
-0.747692 0.747692
-0.746923 0.746923
-0.746154 0.746154
-0.745385 0.745385
-0.744615 0.744615
-0.743846 0.743846
-0.743077 0.743077
-0.742308 0.742308
-0.741538 0.741538
-0.740769 0.740769
-0.74 0.74
-0.739231 0.739231
-0.738462 0.738462
-0.737692 0.737692
-0.736923 0.736923
-0.736154 0.736154
-0.735385 0.735385
-0.734615 0.734615
-0.733846 0.733846
-0.733077 0.733077
-0.732308 0.732308
-0.731538 0.731538
-0.730769 0.730769
-0.73 0.73
-0.729231 0.729231
-0.728462 0.728462
-0.727692 0.727692
-0.726923 0.726923
-0.726154 0.726154
-0.725385 0.725385
-0.724615 0.724615
-0.723846 0.723846
-0.723077 0.723077
-0.722308 0.722308
-0.721538 0.721538
-0.720769 0.720769
-0.72 0.72
-0.719231 0.719231
-0.718462 0.718462
-0.717692 0.717692
-0.716923 0.716923
-0.716154 0.716154
-0.715385 0.715385
-0.714615 0.714615
-0.713846 0.713846
-0.713077 0.713077
-0.712308 0.712308
-0.711538 0.711538
-0.710769 0.710769
-0.71 0.71
-0.709231 0.709231
-0.708462 0.708462
-0.707692 0.707692
-0.706923 0.706923
-0.706154 0.706154
-0.705385 0.705385
-0.704615 0.704615
-0.703846 0.703846
-0.703077 0.703077
-0.702308 0.702308
-0.701538 0.701538
-0.700769 0.700769
-0.7 0.7
-0.699231 0.699231
-0.698462 0.698462
-0.697692 0.697692
-0.696923 0.696923
-0.696154 0.696154
-0.695385 0.695385
-0.694615 0.694615
-0.693846 0.693846
-0.693077 0.693077
-0.692308 0.692308
-0.691538 0.691538
-0.690769 0.690769
-0.69 0.69
-0.689231 0.689231
-0.688462 0.688462
-0.687692 0.687692
-0.686923 0.686923
-0.686154 0.686154
-0.685385 0.685385
-0.684615 0.684615
-0.683846 0.683846
-0.683077 0.683077
-0.682308 0.682308
-0.681538 0.681538
-0.680769 0.680769
-0.68 0.68
-0.679231 0.679231
-0.678462 0.678462
-0.677692 0.677692
-0.676923 0.676923
-0.676154 0.676154
-0.675385 0.675385
-0.674615 0.674615
-0.673846 0.673846
-0.673077 0.673077
-0.672308 0.672308
-0.671538 0.671538
-0.670769 0.670769
-0.67 0.67
-0.669231 0.669231
-0.668462 0.668462
-0.667692 0.667692
-0.666923 0.666923
-0.666154 0.666154
-0.665385 0.665385
-0.664615 0.664615
-0.663846 0.663846
-0.663077 0.663077
-0.662308 0.662308
-0.661538 0.661538
-0.660769 0.660769
-0.66 0.66
-0.659231 0.659231
-0.658462 0.658462
-0.657692 0.657692
-0.656923 0.656923
-0.656154 0.656154
-0.655385 0.655385
-0.654615 0.654615
-0.653846 0.653846
-0.653077 0.653077
-0.652308 0.652308
-0.651538 0.651538
-0.650769 0.650769
-0.65 0.65
-0.649231 0.649231
-0.648462 0.648462
-0.647692 0.647692
-0.646923 0.646923
-0.646154 0.646154
-0.645385 0.645385
-0.644615 0.644615
-0.643846 0.643846
-0.643077 0.643077
-0.642308 0.642308
-0.641538 0.641538
-0.640769 0.640769
-0.64 0.64
-0.639231 0.640769
-0.638462 0.64
-0.637692 0.639231
-0.636923 0.638462
-0.636154 0.637692
-0.635385 0.636923
-0.634615 0.636154
-0.633846 0.635385
-0.633077 0.634615
-0.632308 0.633846
-0.631538 0.633077
-0.630769 0.632308
-0.63 0.631538
-0.629231 0.630769
-0.628462 0.63
-0.627692 0.629231
-0.626923 0.628462
-0.626154 0.627692
-0.625385 0.626923
-0.624615 0.626154
-0.623846 0.625385
-0.623077 0.624615
-0.622308 0.623846
-0.621538 0.623077
-0.620769 0.622308
-0.62 0.621538
-0.619231 0.620769
-0.618462 0.62
-0.617692 0.619231
-0.616923 0.618462
-0.616154 0.617692
-0.615385 0.616923
-0.614615 0.616154
-0.613846 0.615385
-0.613077 0.614615
-0.612308 0.613846
-0.611538 0.613077
-0.610769 0.612308
-0.61 0.611538
-0.609231 0.610769
-0.608462 0.61
-0.607692 0.609231
-0.606923 0.608462
-0.606154 0.607692
-0.605385 0.606923
-0.604615 0.606154
-0.603846 0.605385
-0.603077 0.604615
-0.602308 0.603846
-0.601538 0.603077
-0.600769 0.602308
-0.6 0.601538
-0.599231 0.600769
-0.598462 0.6
-0.597692 0.599231
-0.596923 0.598462
-0.596154 0.597692
-0.595385 0.596923
-0.594615 0.596154
-0.593846 0.595385
-0.593077 0.594615
-0.592308 0.593846
-0.591538 0.593077
-0.590769 0.592308
-0.59 0.591538
-0.589231 0.590769
-0.588462 0.59
-0.587692 0.589231
-0.586923 0.588462
-0.586154 0.589231
-0.585385 0.588462
-0.584615 0.587692
-0.583846 0.586923
-0.583077 0.586154
-0.582308 0.585385
-0.581538 0.584615
-0.580769 0.583846
-0.58 0.583077
-0.579231 0.582308
-0.578462 0.581538
-0.577692 0.580769
-0.576923 0.58
-0.576154 0.579231
-0.575385 0.578462
-0.574615 0.577692
-0.573846 0.576923
-0.573077 0.576154
-0.572308 0.575385
-0.571538 0.574615
-0.570769 0.573846
-0.57 0.574615
-0.569231 0.573846
-0.568462 0.573077
-0.567692 0.572308
-0.566923 0.571538
-0.566154 0.570769
-0.565385 0.57
-0.564615 0.569231
-0.563846 0.568462
-0.563077 0.569231
-0.562308 0.568462
-0.561538 0.567692
-0.560769 0.566923
-0.56 0.566154
-0.559231 0.565385
-0.558462 0.564615
-0.557692 0.563846
-0.556923 0.563077
-0.556154 0.562308
-0.555385 0.561538
-0.554615 0.560769
-0.553846 0.56
-0.553077 0.560769
-0.552308 0.56
-0.551538 0.559231
-0.550769 0.558462
-0.55 0.557692
-0.549231 0.556923
-0.548462 0.556154
-0.547692 0.555385
-0.546923 0.554615
-0.546154 0.553846
-0.545385 0.553077
-0.544615 0.552308
-0.543846 0.551538
-0.543077 0.550769
-0.542308 0.55
-0.541538 0.549231
-0.540769 0.548462
-0.54 0.547692
-0.539231 0.548462
-0.538462 0.547692
-0.537692 0.546923
-0.536923 0.546154
-0.536154 0.545385
-0.535385 0.544615
-0.534615 0.543846
-0.533846 0.543077
-0.533077 0.542308
-0.532308 0.541538
-0.531538 0.540769
-0.530769 0.54
-0.53 0.540769
-0.529231 0.541538
-0.528462 0.540769
-0.527692 0.54
-0.526923 0.539231
-0.526154 0.538462
-0.525385 0.537692
-0.524615 0.536923
-0.523846 0.536154
-0.523077 0.535385
-0.522308 0.534615
-0.521538 0.533846
-0.520769 0.533077
-0.52 0.532308
-0.519231 0.531538
-0.518462 0.530769
-0.517692 0.53
-0.516923 0.529231
-0.516154 0.528462
-0.515385 0.527692
-0.514615 0.526923
-0.513846 0.526154
-0.513077 0.525385
-0.512308 0.524615
-0.511538 0.525385
-0.510769 0.524615
-0.51 0.523846
-0.509231 0.523077
-0.508462 0.522308
-0.507692 0.521538
-0.506923 0.520769
-0.506154 0.52
-0.505385 0.519231
-0.504615 0.518462
-0.503846 0.517692
-0.503077 0.516923
-0.502308 0.516154
-0.501538 0.515385
-0.500769 0.514615
-0.5 0.513846
-0.499231 0.513077
-0.498462 0.512308
-0.497692 0.511538
-0.496923 0.512308
-0.496154 0.511538
-0.495385 0.510769
-0.494615 0.51
-0.493846 0.509231
-0.493077 0.508462
-0.492308 0.507692
-0.491538 0.506923
-0.490769 0.506154
-0.49 0.505385
-0.489231 0.504615
-0.488462 0.503846
-0.487692 0.503077
-0.486923 0.502308
-0.486154 0.501538
-0.485385 0.500769
-0.484615 0.5
-0.483846 0.499231
-0.483077 0.498462
-0.482308 0.497692
-0.481538 0.498462
-0.480769 0.497692
-0.48 0.496923
-0.479231 0.497692
-0.478462 0.496923
-0.477692 0.496154
-0.476923 0.495385
-0.476154 0.494615
-0.475385 0.493846
-0.474615 0.493077
-0.473846 0.492308
-0.473077 0.491538
-0.472308 0.490769
-0.471538 0.49
-0.470769 0.489231
-0.47 0.488462
-0.469231 0.487692
-0.468462 0.488462
-0.467692 0.487692
-0.466923 0.486923
-0.466154 0.486154
-0.465385 0.485385
-0.464615 0.484615
-0.463846 0.483846
-0.463077 0.483077
-0.462308 0.482308
-0.461538 0.481538
-0.460769 0.480769
-0.46 0.48
-0.459231 0.479231
-0.458462 0.478462
-0.457692 0.477692
-0.456923 0.476923
-0.456154 0.476154
-0.455385 0.475385
-0.454615 0.474615
-0.453846 0.475385
-0.453077 0.474615
-0.452308 0.475385
-0.451538 0.474615
-0.450769 0.473846
-0.45 0.473077
-0.449231 0.472308
-0.448462 0.471538
-0.447692 0.470769
-0.446923 0.47
-0.446154 0.470769
-0.445385 0.47
-0.444615 0.470769
-0.443846 0.47
-0.443077 0.470769
-0.442308 0.47
-0.441538 0.469231
-0.440769 0.468462
-0.44 0.467692
-0.439231 0.466923
-0.438462 0.466154
-0.437692 0.465385
-0.436923 0.464615
-0.436154 0.463846
-0.435385 0.463077
-0.434615 0.462308
-0.433846 0.461538
-0.433077 0.460769
-0.432308 0.46
-0.431538 0.460769
-0.430769 0.46
-0.43 0.459231
-0.429231 0.458462
-0.428462 0.457692
-0.427692 0.456923
-0.426923 0.456154
-0.426154 0.456923
-0.425385 0.457692
-0.424615 0.458462
-0.423846 0.457692
-0.423077 0.456923
-0.422308 0.457692
-0.421538 0.456923
-0.420769 0.456154
-0.42 0.455385
-0.419231 0.456154
-0.418462 0.455385
-0.417692 0.456154
-0.416923 0.456923
-0.416154 0.456154
-0.415385 0.455385
-0.414615 0.454615
-0.413846 0.453846
-0.413077 0.453077
-0.412308 0.453846
-0.411538 0.453077
-0.410769 0.452308
-0.41 0.451538
-0.409231 0.452308
-0.408462 0.451538
-0.407692 0.450769
-0.406923 0.45
-0.406154 0.449231
-0.405385 0.448462
-0.404615 0.447692
-0.403846 0.446923
-0.403077 0.446154
-0.402308 0.445385
-0.401538 0.444615
-0.400769 0.443846
-0.4 0.443077
-0.399231 0.442308
-0.398462 0.441538
-0.397692 0.440769
-0.396923 0.44
-0.396154 0.439231
-0.395385 0.438462
-0.394615 0.437692
-0.393846 0.436923
-0.393077 0.436154
-0.392308 0.435385
-0.391538 0.434615
-0.390769 0.433846
-0.39 0.433077
-0.389231 0.432308
-0.388462 0.433077
-0.387692 0.432308
-0.386923 0.431538
-0.386154 0.430769
-0.385385 0.431538
-0.384615 0.432308
-0.383846 0.431538
-0.383077 0.430769
-0.382308 0.431538
-0.381538 0.430769
-0.380769 0.43
-0.38 0.429231
-0.379231 0.428462
-0.378462 0.429231
-0.377692 0.43
-0.376923 0.429231
-0.376154 0.428462
-0.375385 0.427692
-0.374615 0.426923
-0.373846 0.426154
-0.373077 0.425385
-0.372308 0.426154
-0.371538 0.425385
-0.370769 0.424615
-0.37 0.423846
-0.369231 0.423077
-0.368462 0.422308
-0.367692 0.421538
-0.366923 0.420769
-0.366154 0.42
-0.365385 0.419231
-0.364615 0.418462
-0.363846 0.417692
-0.363077 0.416923
-0.362308 0.416154
-0.361538 0.415385
-0.360769 0.414615
-0.36 0.415385
-0.359231 0.414615
-0.358462 0.413846
-0.357692 0.413077
-0.356923 0.412308
-0.356154 0.413077
-0.355385 0.412308
-0.354615 0.411538
-0.353846 0.410769
-0.353077 0.411538
-0.352308 0.410769
-0.351538 0.41
-0.350769 0.409231
-0.35 0.408462
-0.349231 0.409231
-0.348462 0.408462
-0.347692 0.407692
-0.346923 0.408462
-0.346154 0.407692
-0.345385 0.406923
-0.344615 0.407692
-0.343846 0.406923
-0.343077 0.406154
-0.342308 0.405385
-0.341538 0.404615
-0.340769 0.403846
-0.34 0.403077
-0.339231 0.402308
-0.338462 0.401538
-0.337692 0.400769
-0.336923 0.4
-0.336154 0.399231
-0.335385 0.398462
-0.334615 0.397692
-0.333846 0.396923
-0.333077 0.396154
-0.332308 0.395385
-0.331538 0.394615
-0.330769 0.395385
-0.33 0.394615
-0.329231 0.393846
-0.328462 0.393077
-0.327692 0.393846
-0.326923 0.393077
-0.326154 0.392308
-0.325385 0.393077
-0.324615 0.393846
-0.323846 0.393077
-0.323077 0.392308
-0.322308 0.391538
-0.321538 0.390769
-0.320769 0.39
-0.32 0.390769
-0.319231 0.39
-0.318462 0.389231
-0.317692 0.39
-0.316923 0.389231
-0.316154 0.388462
-0.315385 0.389231
-0.314615 0.39
-0.313846 0.389231
-0.313077 0.388462
-0.312308 0.389231
-0.311538 0.388462
-0.310769 0.389231
-0.31 0.388462
-0.309231 0.389231
-0.308462 0.388462
-0.307692 0.387692
-0.306923 0.386923
-0.306154 0.386154
-0.305385 0.385385
-0.304615 0.384615
-0.303846 0.385385
-0.303077 0.386154
-0.302308 0.386923
-0.301538 0.387692
-0.300769 0.388462
-0.3 0.387692
-0.299231 0.386923
-0.298462 0.387692
-0.297692 0.386923
-0.296923 0.387692
-0.296154 0.386923
-0.295385 0.386154
-0.294615 0.386923
-0.293846 0.386154
-0.293077 0.386923
-0.292308 0.386154
-0.291538 0.386923
-0.290769 0.387692
-0.29 0.386923
-0.289231 0.387692
-0.288462 0.386923
-0.287692 0.387692
-0.286923 0.388462
-0.286154 0.387692
-0.285385 0.386923
-0.284615 0.386154
-0.283846 0.386923
-0.283077 0.386154
-0.282308 0.385385
-0.281538 0.384615
-0.280769 0.383846
-0.28 0.383077
-0.279231 0.382308
-0.278462 0.383077
-0.277692 0.382308
-0.276923 0.381538
-0.276154 0.380769
-0.275385 0.38
-0.274615 0.379231
-0.273846 0.378462
-0.273077 0.377692
-0.272308 0.376923
-0.271538 0.376154
-0.270769 0.375385
-0.27 0.374615
-0.269231 0.373846
-0.268462 0.373077
-0.267692 0.372308
-0.266923 0.371538
-0.266154 0.370769
-0.265385 0.37
-0.264615 0.369231
-0.263846 0.368462
-0.263077 0.367692
-0.262308 0.366923
-0.261538 0.366154
-0.260769 0.365385
-0.26 0.364615
-0.259231 0.363846
-0.258462 0.363077
-0.257692 0.363846
-0.256923 0.363077
-0.256154 0.362308
-0.255385 0.361538
-0.254615 0.360769
-0.253846 0.361538
-0.253077 0.360769
-0.252308 0.36
-0.251538 0.360769
-0.250769 0.361538
-0.25 0.360769
-0.249231 0.36
-0.248462 0.359231
-0.247692 0.36
-0.246923 0.359231
-0.246154 0.358462
-0.245385 0.357692
-0.244615 0.356923
-0.243846 0.357692
-0.243077 0.358462
-0.242308 0.357692
-0.241538 0.356923
-0.240769 0.356154
-0.24 0.356923
-0.239231 0.356154
-0.238462 0.355385
-0.237692 0.354615
-0.236923 0.353846
-0.236154 0.354615
-0.235385 0.353846
-0.234615 0.354615
-0.233846 0.353846
-0.233077 0.353077
-0.232308 0.353846
-0.231538 0.354615
-0.230769 0.353846
-0.23 0.353077
-0.229231 0.352308
-0.228462 0.351538
-0.227692 0.352308
-0.226923 0.353077
-0.226154 0.352308
-0.225385 0.351538
-0.224615 0.350769
-0.223846 0.35
-0.223077 0.349231
-0.222308 0.348462
-0.221538 0.347692
-0.220769 0.346923
-0.22 0.346154
-0.219231 0.345385
-0.218462 0.344615
-0.217692 0.343846
-0.216923 0.343077
-0.216154 0.342308
-0.215385 0.343077
-0.214615 0.343846
-0.213846 0.343077
-0.213077 0.342308
-0.212308 0.341538
-0.211538 0.340769
-0.210769 0.34
-0.21 0.339231
-0.209231 0.34
-0.208462 0.340769
-0.207692 0.341538
-0.206923 0.340769
-0.206154 0.341538
-0.205385 0.340769
-0.204615 0.34
-0.203846 0.339231
-0.203077 0.338462
-0.202308 0.337692
-0.201538 0.336923
-0.200769 0.337692
-0.2 0.338462
-0.199231 0.337692
-0.198462 0.336923
-0.197692 0.337692
-0.196923 0.336923
-0.196154 0.337692
-0.195385 0.336923
-0.194615 0.337692
-0.193846 0.338462
-0.193077 0.337692
-0.192308 0.336923
-0.191538 0.336154
-0.190769 0.335385
-0.19 0.336154
-0.189231 0.335385
-0.188462 0.336154
-0.187692 0.335385
-0.186923 0.336154
-0.186154 0.335385
-0.185385 0.334615
-0.184615 0.333846
-0.183846 0.333077
-0.183077 0.333846
-0.182308 0.333077
-0.181538 0.333846
-0.180769 0.333077
-0.18 0.332308
-0.179231 0.331538
-0.178462 0.330769
-0.177692 0.33
-0.176923 0.329231
-0.176154 0.328462
-0.175385 0.329231
-0.174615 0.328462
-0.173846 0.327692
-0.173077 0.326923
-0.172308 0.326154
-0.171538 0.325385
-0.170769 0.324615
-0.17 0.323846
-0.169231 0.323077
-0.168462 0.322308
-0.167692 0.321538
-0.166923 0.320769
-0.166154 0.32
-0.165385 0.319231
-0.164615 0.318462
-0.163846 0.317692
-0.163077 0.318462
-0.162308 0.317692
-0.161538 0.318462
-0.160769 0.319231
-0.16 0.32
-0.159231 0.319231
-0.158462 0.318462
-0.157692 0.317692
-0.156923 0.318462
-0.156154 0.319231
-0.155385 0.318462
-0.154615 0.317692
-0.153846 0.318462
-0.153077 0.317692
-0.152308 0.316923
-0.151538 0.316154
-0.150769 0.315385
-0.15 0.314615
-0.149231 0.315385
-0.148462 0.314615
-0.147692 0.315385
-0.146923 0.314615
-0.146154 0.315385
-0.145385 0.316154
-0.144615 0.315385
-0.143846 0.314615
-0.143077 0.313846
-0.142308 0.313077
-0.141538 0.312308
-0.140769 0.311538
-0.14 0.312308
-0.139231 0.311538
-0.138462 0.312308
-0.137692 0.313077
-0.136923 0.312308
-0.136154 0.311538
-0.135385 0.310769
-0.134615 0.31
-0.133846 0.309231
-0.133077 0.31
-0.132308 0.309231
-0.131538 0.308462
-0.130769 0.307692
-0.13 0.308462
-0.129231 0.307692
-0.128462 0.308462
-0.127692 0.309231
-0.126923 0.308462
-0.126154 0.307692
-0.125385 0.308462
-0.124615 0.307692
-0.123846 0.306923
-0.123077 0.306154
-0.122308 0.305385
-0.121538 0.306154
-0.120769 0.306923
-0.12 0.307692
-0.119231 0.306923
-0.118462 0.307692
-0.117692 0.308462
-0.116923 0.307692
-0.116154 0.308462
-0.115385 0.309231
-0.114615 0.31
-0.113846 0.310769
-0.113077 0.311538
-0.112308 0.312308
-0.111538 0.313077
-0.110769 0.313846
-0.11 0.314615
-0.109231 0.313846
-0.108462 0.314615
-0.107692 0.313846
-0.106923 0.314615
-0.106154 0.313846
-0.105385 0.313077
-0.104615 0.312308
-0.103846 0.311538
-0.103077 0.312308
-0.102308 0.313077
-0.101538 0.312308
-0.100769 0.311538
-0.1 0.310769
-0.0992308 0.31
-0.0984615 0.310769
-0.0976923 0.31
-0.0969231 0.309231
-0.0961538 0.31
-0.0953846 0.309231
-0.0946154 0.308462
-0.0938462 0.307692
-0.0930769 0.306923
-0.0923077 0.306154
-0.0915385 0.306923
-0.0907692 0.306154
-0.09 0.305385
-0.0892308 0.304615
-0.0884615 0.303846
-0.0876923 0.303077
-0.0869231 0.303846
-0.0861538 0.303077
-0.0853846 0.302308
-0.0846154 0.301538
-0.0838462 0.302308
-0.0830769 0.303077
-0.0823077 0.303846
-0.0815385 0.304615
-0.0807692 0.305385
-0.08 0.306154
-0.0792308 0.306923
-0.0784615 0.306154
-0.0776923 0.305385
-0.0769231 0.304615
-0.0761538 0.303846
-0.0753846 0.303077
-0.0746154 0.303846
-0.0738462 0.304615
-0.0730769 0.305385
-0.0723077 0.304615
-0.0715385 0.303846
-0.0707692 0.304615
-0.07 0.303846
-0.0692308 0.304615
-0.0684615 0.303846
-0.0676923 0.304615
-0.0669231 0.303846
-0.0661538 0.303077
-0.0653846 0.302308
-0.0646154 0.303077
-0.0638462 0.303846
-0.0630769 0.304615
-0.0623077 0.303846
-0.0615385 0.304615
-0.0607692 0.305385
-0.06 0.306154
-0.0592308 0.306923
-0.0584615 0.306154
-0.0576923 0.306923
-0.0569231 0.306154
-0.0561538 0.306923
-0.0553846 0.307692
-0.0546154 0.306923
-0.0538462 0.306154
-0.0530769 0.306923
-0.0523077 0.307692
-0.0515385 0.308462
-0.0507692 0.309231
-0.05 0.308462
-0.0492308 0.307692
-0.0484615 0.306923
-0.0476923 0.306154
-0.0469231 0.306923
-0.0461538 0.307692
-0.0453846 0.306923
-0.0446154 0.307692
-0.0438462 0.308462
-0.0430769 0.309231
-0.0423077 0.31
-0.0415385 0.309231
-0.0407692 0.31
-0.04 0.309231
-0.0392308 0.308462
-0.0384615 0.309231
-0.0376923 0.31
-0.0369231 0.310769
-0.0361538 0.311538
-0.0353846 0.312308
-0.0346154 0.313077
-0.0338462 0.312308
-0.0330769 0.311538
-0.0323077 0.312308
-0.0315385 0.313077
-0.0307692 0.313846
-0.03 0.313077
-0.0292308 0.312308
-0.0284615 0.313077
-0.0276923 0.312308
-0.0269231 0.311538
-0.0261538 0.312308
-0.0253846 0.311538
-0.0246154 0.310769
-0.0238462 0.311538
-0.0230769 0.312308
-0.0223077 0.313077
-0.0215385 0.313846
-0.0207692 0.314615
-0.02 0.313846
-0.0192308 0.314615
-0.0184615 0.315385
-0.0176923 0.314615
-0.0169231 0.315385
-0.0161538 0.316154
-0.0153846 0.315385
-0.0146154 0.316154
-0.0138462 0.316923
-0.0130769 0.316154
-0.0123077 0.315385
-0.0115385 0.316154
-0.0107692 0.316923
-0.01 0.316154
-0.00923077 0.316923
-0.00846154 0.317692
-0.00769231 0.318462
-0.00692308 0.319231
-0.00615385 0.318462
-0.00538462 0.319231
-0.00461538 0.32
-0.00384615 0.319231
-0.00307692 0.32
-0.00230769 0.319231
-0.00153846 0.318462
-0.000769231 0.317692
0 0.318462
0.000769231 0.319231
0.00153846 0.32
0.00230769 0.319231
0.00307692 0.32
0.00384615 0.320769
0.00461538 0.321538
0.00538462 0.320769
0.00615385 0.32
0.00692308 0.319231
0.00769231 0.318462
0.00846154 0.317692
0.00923077 0.316923
0.01 0.316154
0.0107692 0.315385
0.0115385 0.314615
0.0123077 0.313846
0.0130769 0.314615
0.0138462 0.313846
0.0146154 0.313077
0.0153846 0.313846
0.0161538 0.314615
0.0169231 0.313846
0.0176923 0.314615
0.0184615 0.313846
0.0192308 0.314615
0.02 0.313846
0.0207692 0.314615
0.0215385 0.313846
0.0223077 0.314615
0.0230769 0.315385
0.0238462 0.314615
0.0246154 0.313846
0.0253846 0.314615
0.0261538 0.313846
0.0269231 0.314615
0.0276923 0.313846
0.0284615 0.313077
0.0292308 0.312308
0.03 0.313077
0.0307692 0.312308
0.0315385 0.313077
0.0323077 0.313846
0.0330769 0.314615
0.0338462 0.315385
0.0346154 0.314615
0.0353846 0.315385
0.0361538 0.316154
0.0369231 0.316923
0.0376923 0.317692
0.0384615 0.318462
0.0392308 0.319231
0.04 0.32
0.0407692 0.320769
0.0415385 0.321538
0.0423077 0.320769
0.0430769 0.32
0.0438462 0.320769
0.0446154 0.32
0.0453846 0.320769
0.0461538 0.321538
0.0469231 0.320769
0.0476923 0.32
0.0484615 0.319231
0.0492308 0.318462
0.05 0.317692
0.0507692 0.316923
0.0515385 0.316154
0.0523077 0.316923
0.0530769 0.316154
0.0538462 0.315385
0.0546154 0.316154
0.0553846 0.316923
0.0561538 0.317692
0.0569231 0.318462
0.0576923 0.317692
0.0584615 0.316923
0.0592308 0.317692
0.06 0.318462
0.0607692 0.319231
0.0615385 0.32
0.0623077 0.319231
0.0630769 0.32
0.0638462 0.319231
0.0646154 0.318462
0.0653846 0.317692
0.0661538 0.316923
0.0669231 0.317692
0.0676923 0.316923
0.0684615 0.317692
0.0692308 0.318462
0.07 0.317692
0.0707692 0.316923
0.0715385 0.316154
0.0723077 0.315385
0.0730769 0.314615
0.0738462 0.313846
0.0746154 0.313077
0.0753846 0.312308
0.0761538 0.311538
0.0769231 0.310769
0.0776923 0.311538
0.0784615 0.310769
0.0792308 0.311538
0.08 0.312308
0.0807692 0.313077
0.0815385 0.313846
0.0823077 0.314615
0.0830769 0.315385
0.0838462 0.314615
0.0846154 0.315385
0.0853846 0.314615
0.0861538 0.315385
0.0869231 0.314615
0.0876923 0.315385
0.0884615 0.314615
0.0892308 0.315385
0.09 0.316154
0.0907692 0.316923
0.0915385 0.317692
0.0923077 0.318462
0.0930769 0.317692
0.0938462 0.318462
0.0946154 0.319231
0.0953846 0.32
0.0961538 0.320769
0.0969231 0.321538
0.0976923 0.320769
0.0984615 0.321538
0.0992308 0.320769
0.1 0.32
0.100769 0.320769
0.101538 0.32
0.102308 0.319231
0.103077 0.318462
0.103846 0.319231
0.104615 0.32
0.105385 0.320769
0.106154 0.32
0.106923 0.319231
0.107692 0.32
0.108462 0.320769
0.109231 0.321538
0.11 0.322308
0.110769 0.321538
0.111538 0.320769
0.112308 0.321538
0.113077 0.320769
0.113846 0.32
0.114615 0.319231
0.115385 0.318462
0.116154 0.317692
0.116923 0.316923
0.117692 0.317692
0.118462 0.316923
0.119231 0.317692
0.12 0.318462
0.120769 0.319231
0.121538 0.32
0.122308 0.320769
0.123077 0.321538
0.123846 0.320769
0.124615 0.32
0.125385 0.319231
0.126154 0.32
0.126923 0.320769
0.127692 0.321538
0.128462 0.322308
0.129231 0.323077
0.13 0.323846
0.130769 0.324615
0.131538 0.325385
0.132308 0.324615
0.133077 0.323846
0.133846 0.323077
0.134615 0.322308
0.135385 0.323077
0.136154 0.323846
0.136923 0.324615
0.137692 0.325385
0.138462 0.326154
0.139231 0.326923
0.14 0.326154
0.140769 0.326923
0.141538 0.327692
0.142308 0.328462
0.143077 0.327692
0.143846 0.328462
0.144615 0.329231
0.145385 0.33
0.146154 0.329231
0.146923 0.328462
0.147692 0.329231
0.148462 0.33
0.149231 0.330769
0.15 0.33
0.150769 0.329231
0.151538 0.33
0.152308 0.330769
0.153077 0.331538
0.153846 0.332308
0.154615 0.333077
0.155385 0.332308
0.156154 0.331538
0.156923 0.332308
0.157692 0.333077
0.158462 0.332308
0.159231 0.331538
0.16 0.332308
0.160769 0.333077
0.161538 0.333846
0.162308 0.334615
0.163077 0.335385
0.163846 0.336154
0.164615 0.336923
0.165385 0.337692
0.166154 0.336923
0.166923 0.336154
0.167692 0.335385
0.168462 0.336154
0.169231 0.336923
0.17 0.336154
0.170769 0.336923
0.171538 0.336154
0.172308 0.335385
0.173077 0.336154
0.173846 0.335385
0.174615 0.336154
0.175385 0.335385
0.176154 0.334615
0.176923 0.335385
0.177692 0.336154
0.178462 0.336923
0.179231 0.337692
0.18 0.338462
0.180769 0.339231
0.181538 0.34
0.182308 0.339231
0.183077 0.338462
0.183846 0.339231
0.184615 0.34
0.185385 0.340769
0.186154 0.341538
0.186923 0.340769
0.187692 0.341538
0.188462 0.342308
0.189231 0.341538
0.19 0.340769
0.190769 0.341538
0.191538 0.342308
0.192308 0.343077
0.193077 0.343846
0.193846 0.344615
0.194615 0.345385
0.195385 0.344615
0.196154 0.345385
0.196923 0.346154
0.197692 0.346923
0.198462 0.347692
0.199231 0.348462
0.2 0.349231
0.200769 0.35
0.201538 0.350769
0.202308 0.35
0.203077 0.349231
0.203846 0.35
0.204615 0.350769
0.205385 0.35
0.206154 0.350769
0.206923 0.351538
0.207692 0.352308
0.208462 0.351538
0.209231 0.352308
0.21 0.353077
0.210769 0.353846
0.211538 0.354615
0.212308 0.355385
0.213077 0.356154
0.213846 0.356923
0.214615 0.357692
0.215385 0.358462
0.216154 0.357692
0.216923 0.358462
0.217692 0.357692
0.218462 0.356923
0.219231 0.357692
0.22 0.358462
0.220769 0.359231
0.221538 0.36
0.222308 0.360769
0.223077 0.361538
0.223846 0.362308
0.224615 0.363077
0.225385 0.363846
0.226154 0.364615
0.226923 0.365385
0.227692 0.366154
0.228462 0.366923
0.229231 0.367692
0.23 0.366923
0.230769 0.367692
0.231538 0.366923
0.232308 0.366154
0.233077 0.366923
0.233846 0.367692
0.234615 0.368462
0.235385 0.367692
0.236154 0.368462
0.236923 0.369231
0.237692 0.368462
0.238462 0.369231
0.239231 0.368462
0.24 0.369231
0.240769 0.368462
0.241538 0.367692
0.242308 0.368462
0.243077 0.369231
0.243846 0.37
0.244615 0.370769
0.245385 0.37
0.246154 0.369231
0.246923 0.368462
0.247692 0.369231
0.248462 0.37
0.249231 0.370769
0.25 0.37
0.250769 0.370769
0.251538 0.371538
0.252308 0.372308
0.253077 0.371538
0.253846 0.370769
0.254615 0.371538
0.255385 0.372308
0.256154 0.371538
0.256923 0.370769
0.257692 0.371538
0.258462 0.372308
0.259231 0.371538
0.26 0.370769
0.260769 0.37
0.261538 0.370769
0.262308 0.371538
0.263077 0.372308
0.263846 0.373077
0.264615 0.373846
0.265385 0.373077
0.266154 0.373846
0.266923 0.374615
0.267692 0.375385
0.268462 0.376154
0.269231 0.376923
0.27 0.376154
0.270769 0.376923
0.271538 0.377692
0.272308 0.378462
0.273077 0.379231
0.273846 0.378462
0.274615 0.377692
0.275385 0.378462
0.276154 0.379231
0.276923 0.38
0.277692 0.379231
0.278462 0.38
0.279231 0.380769
0.28 0.381538
0.280769 0.380769
0.281538 0.381538
0.282308 0.380769
0.283077 0.38
0.283846 0.379231
0.284615 0.378462
0.285385 0.379231
0.286154 0.38
0.286923 0.380769
0.287692 0.381538
0.288462 0.382308
0.289231 0.383077
0.29 0.383846
0.290769 0.384615
0.291538 0.385385
0.292308 0.386154
0.293077 0.386923
0.293846 0.387692
0.294615 0.388462
0.295385 0.389231
0.296154 0.39
0.296923 0.389231
0.297692 0.39
0.298462 0.389231
0.299231 0.39
0.3 0.390769
0.300769 0.39
0.301538 0.390769
0.302308 0.39
0.303077 0.389231
0.303846 0.388462
0.304615 0.389231
0.305385 0.388462
0.306154 0.387692
0.306923 0.388462
0.307692 0.387692
0.308462 0.388462
0.309231 0.387692
0.31 0.386923
0.310769 0.387692
0.311538 0.388462
0.312308 0.389231
0.313077 0.39
0.313846 0.390769
0.314615 0.391538
0.315385 0.392308
0.316154 0.393077
0.316923 0.393846
0.317692 0.394615
0.318462 0.395385
0.319231 0.396154
0.32 0.396923
0.320769 0.397692
0.321538 0.398462
0.322308 0.399231
0.323077 0.4
0.323846 0.400769
0.324615 0.401538
0.325385 0.402308
0.326154 0.403077
0.326923 0.403846
0.327692 0.404615
0.328462 0.405385
0.329231 0.404615
0.33 0.405385
0.330769 0.404615
0.331538 0.403846
0.332308 0.403077
0.333077 0.402308
0.333846 0.403077
0.334615 0.402308
0.335385 0.403077
0.336154 0.402308
0.336923 0.403077
0.337692 0.403846
0.338462 0.404615
0.339231 0.405385
0.34 0.406154
0.340769 0.406923
0.341538 0.407692
0.342308 0.408462
0.343077 0.407692
0.343846 0.408462
0.344615 0.409231
0.345385 0.41
0.346154 0.410769
0.346923 0.41
0.347692 0.410769
0.348462 0.411538
0.349231 0.412308
0.35 0.413077
0.350769 0.413846
0.351538 0.413077
0.352308 0.413846
0.353077 0.414615
0.353846 0.415385
0.354615 0.414615
0.355385 0.415385
0.356154 0.416154
0.356923 0.416923
0.357692 0.417692
0.358462 0.418462
0.359231 0.419231
0.36 0.42
0.360769 0.420769
0.361538 0.421538
0.362308 0.422308
0.363077 0.423077
0.363846 0.423846
0.364615 0.424615
0.365385 0.425385
0.366154 0.426154
0.366923 0.426923
0.367692 0.426154
0.368462 0.426923
0.369231 0.427692
0.37 0.428462
0.370769 0.427692
0.371538 0.428462
0.372308 0.429231
0.373077 0.428462
0.373846 0.429231
0.374615 0.43
0.375385 0.430769
0.376154 0.431538
0.376923 0.432308
0.377692 0.431538
0.378462 0.432308
0.379231 0.431538
0.38 0.432308
0.380769 0.433077
0.381538 0.433846
0.382308 0.434615
0.383077 0.435385
0.383846 0.436154
0.384615 0.436923
0.385385 0.437692
0.386154 0.438462
0.386923 0.437692
0.387692 0.438462
0.388462 0.439231
0.389231 0.438462
0.39 0.439231
0.390769 0.44
0.391538 0.439231
0.392308 0.44
0.393077 0.440769
0.393846 0.441538
0.394615 0.442308
0.395385 0.441538
0.396154 0.442308
0.396923 0.443077
0.397692 0.443846
0.398462 0.444615
0.399231 0.445385
0.4 0.444615
0.400769 0.445385
0.401538 0.446154
0.402308 0.445385
0.403077 0.446154
0.403846 0.446923
0.404615 0.447692
0.405385 0.446923
0.406154 0.447692
0.406923 0.448462
0.407692 0.449231
0.408462 0.45
0.409231 0.450769
0.41 0.451538
0.410769 0.452308
0.411538 0.453077
0.412308 0.452308
0.413077 0.453077
0.413846 0.453846
0.414615 0.454615
0.415385 0.455385
0.416154 0.456154
0.416923 0.456923
0.417692 0.457692
0.418462 0.458462
0.419231 0.459231
0.42 0.46
0.420769 0.460769
0.421538 0.461538
0.422308 0.462308
0.423077 0.463077
0.423846 0.463846
0.424615 0.464615
0.425385 0.465385
0.426154 0.466154
0.426923 0.466923
0.427692 0.466154
0.428462 0.466923
0.429231 0.467692
0.43 0.468462
0.430769 0.467692
0.431538 0.468462
0.432308 0.469231
0.433077 0.47
0.433846 0.469231
0.434615 0.47
0.435385 0.470769
0.436154 0.471538
0.436923 0.472308
0.437692 0.471538
0.438462 0.472308
0.439231 0.473077
0.44 0.473846
0.440769 0.474615
0.441538 0.473846
0.442308 0.474615
0.443077 0.475385
0.443846 0.476154
0.444615 0.476923
0.445385 0.476154
0.446154 0.476923
0.446923 0.477692
0.447692 0.478462
0.448462 0.479231
0.449231 0.48
0.45 0.480769
0.450769 0.481538
0.451538 0.482308
0.452308 0.483077
0.453077 0.483846
0.453846 0.484615
0.454615 0.485385
0.455385 0.484615
0.456154 0.485385
0.456923 0.486154
0.457692 0.486923
0.458462 0.487692
0.459231 0.488462
0.46 0.489231
0.460769 0.49
0.461538 0.490769
0.462308 0.491538
0.463077 0.492308
0.463846 0.493077
0.464615 0.493846
0.465385 0.494615
0.466154 0.495385
0.466923 0.496154
0.467692 0.496923
0.468462 0.497692
0.469231 0.498462
0.47 0.499231
0.470769 0.5
0.471538 0.500769
0.472308 0.501538
0.473077 0.502308
0.473846 0.503077
0.474615 0.503846
0.475385 0.504615
0.476154 0.505385
0.476923 0.506154
0.477692 0.506923
0.478462 0.507692
0.479231 0.508462
0.48 0.509231
0.480769 0.51
0.481538 0.510769
0.482308 0.511538
0.483077 0.512308
0.483846 0.513077
0.484615 0.513846
0.485385 0.514615
0.486154 0.515385
0.486923 0.516154
0.487692 0.516923
0.488462 0.517692
0.489231 0.518462
0.49 0.519231
0.490769 0.52
0.491538 0.519231
0.492308 0.52
0.493077 0.520769
0.493846 0.521538
0.494615 0.520769
0.495385 0.521538
0.496154 0.522308
0.496923 0.523077
0.497692 0.523846
0.498462 0.524615
0.499231 0.525385
0.5 0.526154
0.500769 0.526923
0.501538 0.527692
0.502308 0.528462
0.503077 0.529231
0.503846 0.528462
0.504615 0.529231
0.505385 0.53
0.506154 0.529231
0.506923 0.53
0.507692 0.529231
0.508462 0.53
0.509231 0.529231
0.51 0.53
0.510769 0.530769
0.511538 0.531538
0.512308 0.532308
0.513077 0.533077
0.513846 0.533846
0.514615 0.534615
0.515385 0.535385
0.516154 0.536154
0.516923 0.536923
0.517692 0.537692
0.518462 0.538462
0.519231 0.537692
0.52 0.538462
0.520769 0.539231
0.521538 0.538462
0.522308 0.539231
0.523077 0.54
0.523846 0.540769
0.524615 0.541538
0.525385 0.542308
0.526154 0.543077
0.526923 0.543846
0.527692 0.544615
0.528462 0.545385
0.529231 0.546154
0.53 0.546923
0.530769 0.547692
0.531538 0.548462
0.532308 0.549231
0.533077 0.55
0.533846 0.550769
0.534615 0.551538
0.535385 0.552308
0.536154 0.553077
0.536923 0.553846
0.537692 0.554615
0.538462 0.555385
0.539231 0.556154
0.54 0.556923
0.540769 0.557692
0.541538 0.556923
0.542308 0.557692
0.543077 0.556923
0.543846 0.557692
0.544615 0.558462
0.545385 0.559231
0.546154 0.56
0.546923 0.559231
0.547692 0.56
0.548462 0.560769
0.549231 0.561538
0.55 0.562308
0.550769 0.563077
0.551538 0.563846
0.552308 0.564615
0.553077 0.565385
0.553846 0.566154
0.554615 0.566923
0.555385 0.567692
0.556154 0.568462
0.556923 0.569231
0.557692 0.57
0.558462 0.570769
0.559231 0.571538
0.56 0.572308
0.560769 0.573077
0.561538 0.573846
0.562308 0.574615
0.563077 0.575385
0.563846 0.576154
0.564615 0.576923
0.565385 0.577692
0.566154 0.576923
0.566923 0.577692
0.567692 0.578462
0.568462 0.579231
0.569231 0.58
0.57 0.580769
0.570769 0.581538
0.571538 0.580769
0.572308 0.581538
0.573077 0.582308
0.573846 0.581538
0.574615 0.582308
0.575385 0.583077
0.576154 0.583846
0.576923 0.584615
0.577692 0.585385
0.578462 0.586154
0.579231 0.586923
0.58 0.587692
0.580769 0.588462
0.581538 0.589231
0.582308 0.59
0.583077 0.590769
0.583846 0.591538
0.584615 0.592308
0.585385 0.593077
0.586154 0.593846
0.586923 0.594615
0.587692 0.595385
0.588462 0.596154
0.589231 0.596923
0.59 0.597692
0.590769 0.598462
0.591538 0.599231
0.592308 0.6
0.593077 0.600769
0.593846 0.601538
0.594615 0.602308
0.595385 0.603077
0.596154 0.603846
0.596923 0.604615
0.597692 0.605385
0.598462 0.606154
0.599231 0.606923
0.6 0.606154
0.600769 0.606923
0.601538 0.606154
0.602308 0.606923
0.603077 0.607692
0.603846 0.608462
0.604615 0.609231
0.605385 0.61
0.606154 0.610769
0.606923 0.611538
0.607692 0.612308
0.608462 0.613077
0.609231 0.613846
0.61 0.614615
0.610769 0.615385
0.611538 0.616154
0.612308 0.616923
0.613077 0.617692
0.613846 0.618462
0.614615 0.619231
0.615385 0.62
0.616154 0.620769
0.616923 0.621538
0.617692 0.620769
0.618462 0.621538
0.619231 0.622308
0.62 0.623077
0.620769 0.623846
0.621538 0.624615
0.622308 0.625385
0.623077 0.626154
0.623846 0.626923
0.624615 0.627692
0.625385 0.628462
0.626154 0.629231
0.626923 0.63
0.627692 0.630769
0.628462 0.631538
0.629231 0.632308
0.63 0.633077
0.630769 0.633846
0.631538 0.633077
0.632308 0.633846
0.633077 0.634615
0.633846 0.635385
0.634615 0.636154
0.635385 0.636923
0.636154 0.637692
0.636923 0.638462
0.637692 0.639231
0.638462 0.64
0.639231 0.640769
0.64 0.641538
0.640769 0.642308
0.641538 0.643077
0.642308 0.643846
0.643077 0.644615
0.643846 0.645385
0.644615 0.646154
0.645385 0.646923
0.646154 0.647692
0.646923 0.648462
0.647692 0.649231
0.648462 0.65
0.649231 0.650769
0.65 0.651538
0.650769 0.652308
0.651538 0.653077
0.652308 0.653846
0.653077 0.654615
0.653846 0.655385
0.654615 0.656154
0.655385 0.656923
0.656154 0.657692
0.656923 0.658462
0.657692 0.659231
0.658462 0.66
0.659231 0.660769
0.66 0.661538
0.660769 0.662308
0.661538 0.663077
0.662308 0.663846
0.663077 0.664615
0.663846 0.665385
0.664615 0.666154
0.665385 0.666923
0.666154 0.667692
0.666923 0.668462
0.667692 0.669231
0.668462 0.67
0.669231 0.670769
0.67 0.671538
0.670769 0.672308
0.671538 0.673077
0.672308 0.673846
0.673077 0.674615
0.673846 0.675385
0.674615 0.676154
0.675385 0.676923
0.676154 0.677692
0.676923 0.678462
0.677692 0.679231
0.678462 0.68
0.679231 0.680769
0.68 0.681538
0.680769 0.682308
0.681538 0.683077
0.682308 0.683846
0.683077 0.684615
0.683846 0.685385
0.684615 0.686154
0.685385 0.686923
0.686154 0.687692
0.686923 0.688462
0.687692 0.689231
0.688462 0.69
0.689231 0.690769
0.69 0.691538
0.690769 0.692308
0.691538 0.693077
0.692308 0.693846
0.693077 0.694615
0.693846 0.695385
0.694615 0.696154
0.695385 0.696923
0.696154 0.697692
0.696923 0.698462
0.697692 0.699231
0.698462 0.7
0.699231 0.700769
0.7 0.701538
0.700769 0.702308
0.701538 0.703077
0.702308 0.703846
0.703077 0.704615
0.703846 0.705385
0.704615 0.706154
0.705385 0.706923
0.706154 0.707692
0.706923 0.708462
0.707692 0.709231
0.708462 0.71
0.709231 0.710769
0.71 0.711538
0.710769 0.712308
0.711538 0.713077
0.712308 0.713846
0.713077 0.714615
0.713846 0.715385
0.714615 0.716154
0.715385 0.716923
0.716154 0.717692
0.716923 0.718462
0.717692 0.719231
0.718462 0.72
0.719231 0.720769
0.72 0.721538
0.720769 0.722308
0.721538 0.723077
0.722308 0.723846
0.723077 0.724615
0.723846 0.725385
0.724615 0.726154
0.725385 0.726923
0.726154 0.727692
0.726923 0.728462
0.727692 0.729231
0.728462 0.73
0.729231 0.730769
0.73 0.731538
0.730769 0.732308
0.731538 0.733077
0.732308 0.733846
0.733077 0.734615
0.733846 0.735385
0.734615 0.736154
0.735385 0.736923
0.736154 0.737692
0.736923 0.738462
0.737692 0.739231
0.738462 0.74
0.739231 0.740769
0.74 0.741538
0.740769 0.742308
0.741538 0.743077
0.742308 0.743846
0.743077 0.744615
0.743846 0.745385
0.744615 0.746154
0.745385 0.746923
0.746154 0.747692
0.746923 0.748462
0.747692 0.749231
0.748462 0.75
0.749231 0.750769
0.75 0.751538
0.750769 0.752308
0.751538 0.753077
0.752308 0.753846
0.753077 0.754615
0.753846 0.755385
0.754615 0.756154
0.755385 0.756923
0.756154 0.757692
0.756923 0.758462
0.757692 0.759231
0.758462 0.76
0.759231 0.760769
0.76 0.761538
0.760769 0.762308
0.761538 0.763077
0.762308 0.763846
0.763077 0.764615
0.763846 0.765385
0.764615 0.766154
0.765385 0.766923
0.766154 0.767692
0.766923 0.768462
0.767692 0.769231
0.768462 0.768462
