-0.666667 0.666667
-0.666 0.666
-0.665333 0.665333
-0.664667 0.664667
-0.664 0.664
-0.663333 0.663333
-0.662667 0.662667
-0.662 0.662
-0.661333 0.661333
-0.660667 0.660667
-0.66 0.66
-0.659333 0.659333
-0.658667 0.658667
-0.658 0.659333
-0.657333 0.658667
-0.656667 0.658
-0.656 0.657333
-0.655333 0.656667
-0.654667 0.656
-0.654 0.655333
-0.653333 0.654667
-0.652667 0.654
-0.652 0.653333
-0.651333 0.652667
-0.650667 0.652
-0.65 0.651333
-0.649333 0.650667
-0.648667 0.65
-0.648 0.649333
-0.647333 0.648667
-0.646667 0.648
-0.646 0.647333
-0.645333 0.646667
-0.644667 0.646
-0.644 0.645333
-0.643333 0.644667
-0.642667 0.644
-0.642 0.643333
-0.641333 0.642667
-0.640667 0.642
-0.64 0.641333
-0.639333 0.640667
-0.638667 0.64
-0.638 0.639333
-0.637333 0.638667
-0.636667 0.638
-0.636 0.637333
-0.635333 0.636667
-0.634667 0.636
-0.634 0.635333
-0.633333 0.634667
-0.632667 0.634
-0.632 0.633333
-0.631333 0.632667
-0.630667 0.632
-0.63 0.631333
-0.629333 0.630667
-0.628667 0.63
-0.628 0.629333
-0.627333 0.628667
-0.626667 0.628
-0.626 0.627333
-0.625333 0.626667
-0.624667 0.626
-0.624 0.625333
-0.623333 0.624667
-0.622667 0.624
-0.622 0.623333
-0.621333 0.622667
-0.620667 0.623333
-0.62 0.622667
-0.619333 0.622
-0.618667 0.621333
-0.618 0.620667
-0.617333 0.62
-0.616667 0.619333
-0.616 0.618667
-0.615333 0.618
-0.614667 0.617333
-0.614 0.616667
-0.613333 0.616
-0.612667 0.615333
-0.612 0.614667
-0.611333 0.614
-0.610667 0.613333
-0.61 0.612667
-0.609333 0.612
-0.608667 0.611333
-0.608 0.610667
-0.607333 0.61
-0.606667 0.609333
-0.606 0.608667
-0.605333 0.608
-0.604667 0.607333
-0.604 0.606667
-0.603333 0.606
-0.602667 0.605333
-0.602 0.604667
-0.601333 0.604
-0.600667 0.603333
-0.6 0.602667
-0.599333 0.602
-0.598667 0.601333
-0.598 0.600667
-0.597333 0.6
-0.596667 0.599333
-0.596 0.598667
-0.595333 0.598
-0.594667 0.597333
-0.594 0.598
-0.593333 0.597333
-0.592667 0.596667
-0.592 0.596
-0.591333 0.595333
-0.590667 0.594667
-0.59 0.594
-0.589333 0.593333
-0.588667 0.592667
-0.588 0.592
-0.587333 0.591333
-0.586667 0.592
-0.586 0.591333
-0.585333 0.590667
-0.584667 0.59
-0.584 0.589333
-0.583333 0.588667
-0.582667 0.588
-0.582 0.587333
-0.581333 0.586667
-0.580667 0.586
-0.58 0.585333
-0.579333 0.584667
-0.578667 0.584
-0.578 0.583333
-0.577333 0.582667
-0.576667 0.582
-0.576 0.581333
-0.575333 0.580667
-0.574667 0.58
-0.574 0.579333
-0.573333 0.578667
-0.572667 0.578
-0.572 0.577333
-0.571333 0.576667
-0.570667 0.576
-0.57 0.575333
-0.569333 0.574667
-0.568667 0.574
-0.568 0.573333
-0.567333 0.574
-0.566667 0.573333
-0.566 0.574
-0.565333 0.573333
-0.564667 0.572667
-0.564 0.572
-0.563333 0.571333
-0.562667 0.570667
-0.562 0.57
-0.561333 0.569333
-0.560667 0.568667
-0.56 0.568
-0.559333 0.567333
-0.558667 0.566667
-0.558 0.566
-0.557333 0.565333
-0.556667 0.566
-0.556 0.565333
-0.555333 0.564667
-0.554667 0.564
-0.554 0.563333
-0.553333 0.562667
-0.552667 0.562
-0.552 0.561333
-0.551333 0.562
-0.550667 0.561333
-0.55 0.560667
-0.549333 0.56
-0.548667 0.559333
-0.548 0.558667
-0.547333 0.558
-0.546667 0.557333
-0.546 0.556667
-0.545333 0.556
-0.544667 0.555333
-0.544 0.554667
-0.543333 0.554
-0.542667 0.553333
-0.542 0.552667
-0.541333 0.552
-0.540667 0.551333
-0.54 0.550667
-0.539333 0.55
-0.538667 0.549333
-0.538 0.548667
-0.537333 0.548
-0.536667 0.547333
-0.536 0.546667
-0.535333 0.546
-0.534667 0.545333
-0.534 0.544667
-0.533333 0.544
-0.532667 0.543333
-0.532 0.542667
-0.531333 0.542
-0.530667 0.541333
-0.53 0.540667
-0.529333 0.54
-0.528667 0.539333
-0.528 0.538667
-0.527333 0.538
-0.526667 0.538667
-0.526 0.538
-0.525333 0.537333
-0.524667 0.536667
-0.524 0.536
-0.523333 0.536667
-0.522667 0.536
-0.522 0.535333
-0.521333 0.534667
-0.520667 0.534
-0.52 0.533333
-0.519333 0.532667
-0.518667 0.532
-0.518 0.531333
-0.517333 0.530667
-0.516667 0.53
-0.516 0.529333
-0.515333 0.528667
-0.514667 0.528
-0.514 0.527333
-0.513333 0.526667
-0.512667 0.526
-0.512 0.525333
-0.511333 0.524667
-0.510667 0.524
-0.51 0.523333
-0.509333 0.522667
-0.508667 0.522
-0.508 0.521333
-0.507333 0.520667
-0.506667 0.52
-0.506 0.519333
-0.505333 0.518667
-0.504667 0.518
-0.504 0.517333
-0.503333 0.516667
-0.502667 0.516
-0.502 0.515333
-0.501333 0.514667
-0.500667 0.514
-0.5 0.513333
-0.499333 0.512667
-0.498667 0.512
-0.498 0.511333
-0.497333 0.510667
-0.496667 0.51
-0.496 0.509333
-0.495333 0.508667
-0.494667 0.508
-0.494 0.507333
-0.493333 0.506667
-0.492667 0.506
-0.492 0.505333
-0.491333 0.504667
-0.490667 0.504
-0.49 0.503333
-0.489333 0.502667
-0.488667 0.502
-0.488 0.501333
-0.487333 0.502
-0.486667 0.501333
-0.486 0.500667
-0.485333 0.5
-0.484667 0.499333
-0.484 0.498667
-0.483333 0.498
-0.482667 0.497333
-0.482 0.496667
-0.481333 0.496
-0.480667 0.495333
-0.48 0.494667
-0.479333 0.494
-0.478667 0.493333
-0.478 0.492667
-0.477333 0.492
-0.476667 0.491333
-0.476 0.490667
-0.475333 0.49
-0.474667 0.490667
-0.474 0.49
-0.473333 0.489333
-0.472667 0.488667
-0.472 0.488
-0.471333 0.487333
-0.470667 0.486667
-0.47 0.486
-0.469333 0.485333
-0.468667 0.484667
-0.468 0.484
-0.467333 0.483333
-0.466667 0.482667
-0.466 0.482
-0.465333 0.481333
-0.464667 0.482
-0.464 0.482667
-0.463333 0.482
-0.462667 0.481333
-0.462 0.480667
-0.461333 0.48
-0.460667 0.479333
-0.46 0.478667
-0.459333 0.479333
-0.458667 0.478667
-0.458 0.478
-0.457333 0.477333
-0.456667 0.476667
-0.456 0.476
-0.455333 0.476667
-0.454667 0.476
-0.454 0.476667
-0.453333 0.476
-0.452667 0.475333
-0.452 0.474667
-0.451333 0.474
-0.450667 0.474667
-0.45 0.474
-0.449333 0.473333
-0.448667 0.472667
-0.448 0.473333
-0.447333 0.472667
-0.446667 0.472
-0.446 0.471333
-0.445333 0.470667
-0.444667 0.47
-0.444 0.469333
-0.443333 0.47
-0.442667 0.469333
-0.442 0.468667
-0.441333 0.468
-0.440667 0.468667
-0.44 0.468
-0.439333 0.467333
-0.438667 0.466667
-0.438 0.466
-0.437333 0.465333
-0.436667 0.464667
-0.436 0.464
-0.435333 0.463333
-0.434667 0.462667
-0.434 0.462
-0.433333 0.462667
-0.432667 0.463333
-0.432 0.462667
-0.431333 0.462
-0.430667 0.462667
-0.43 0.462
-0.429333 0.461333
-0.428667 0.460667
-0.428 0.46
-0.427333 0.459333
-0.426667 0.458667
-0.426 0.458
-0.425333 0.457333
-0.424667 0.456667
-0.424 0.456
-0.423333 0.455333
-0.422667 0.454667
-0.422 0.454
-0.421333 0.453333
-0.420667 0.454
-0.42 0.453333
-0.419333 0.452667
-0.418667 0.452
-0.418 0.451333
-0.417333 0.450667
-0.416667 0.45
-0.416 0.449333
-0.415333 0.45
-0.414667 0.449333
-0.414 0.448667
-0.413333 0.448
-0.412667 0.448667
-0.412 0.448
-0.411333 0.447333
-0.410667 0.446667
-0.41 0.446
-0.409333 0.445333
-0.408667 0.446
-0.408 0.445333
-0.407333 0.444667
-0.406667 0.444
-0.406 0.443333
-0.405333 0.444
-0.404667 0.443333
-0.404 0.444
-0.403333 0.443333
-0.402667 0.442667
-0.402 0.443333
-0.401333 0.442667
-0.400667 0.442
-0.4 0.441333
-0.399333 0.440667
-0.398667 0.44
-0.398 0.439333
-0.397333 0.438667
-0.396667 0.438
-0.396 0.437333
-0.395333 0.438
-0.394667 0.437333
-0.394 0.436667
-0.393333 0.437333
-0.392667 0.436667
-0.392 0.436
-0.391333 0.435333
-0.390667 0.434667
-0.39 0.435333
-0.389333 0.436
-0.388667 0.435333
-0.388 0.434667
-0.387333 0.434
-0.386667 0.433333
-0.386 0.432667
-0.385333 0.432
-0.384667 0.431333
-0.384 0.430667
-0.383333 0.43
-0.382667 0.429333
-0.382 0.43
-0.381333 0.429333
-0.380667 0.428667
-0.38 0.428
-0.379333 0.427333
-0.378667 0.426667
-0.378 0.426
-0.377333 0.425333
-0.376667 0.424667
-0.376 0.424
-0.375333 0.423333
-0.374667 0.422667
-0.374 0.422
-0.373333 0.421333
-0.372667 0.420667
-0.372 0.42
-0.371333 0.419333
-0.370667 0.418667
-0.37 0.418
-0.369333 0.417333
-0.368667 0.416667
-0.368 0.417333
-0.367333 0.418
-0.366667 0.418667
-0.366 0.418
-0.365333 0.417333
-0.364667 0.416667
-0.364 0.416
-0.363333 0.415333
-0.362667 0.416
-0.362 0.415333
-0.361333 0.414667
-0.360667 0.414
-0.36 0.413333
-0.359333 0.414
-0.358667 0.413333
-0.358 0.412667
-0.357333 0.412
-0.356667 0.411333
-0.356 0.410667
-0.355333 0.411333
-0.354667 0.410667
-0.354 0.41
-0.353333 0.409333
-0.352667 0.408667
-0.352 0.408
-0.351333 0.408667
-0.350667 0.408
-0.35 0.407333
-0.349333 0.406667
-0.348667 0.406
-0.348 0.405333
-0.347333 0.404667
-0.346667 0.404
-0.346 0.403333
-0.345333 0.404
-0.344667 0.403333
-0.344 0.402667
-0.343333 0.402
-0.342667 0.401333
-0.342 0.400667
-0.341333 0.4
-0.340667 0.399333
-0.34 0.398667
-0.339333 0.399333
-0.338667 0.398667
-0.338 0.399333
-0.337333 0.4
-0.336667 0.400667
-0.336 0.401333
-0.335333 0.400667
-0.334667 0.4
-0.334 0.400667
-0.333333 0.4
-0.332667 0.400667
-0.332 0.4
-0.331333 0.399333
-0.330667 0.398667
-0.33 0.398
-0.329333 0.397333
-0.328667 0.396667
-0.328 0.396
-0.327333 0.395333
-0.326667 0.394667
-0.326 0.394
-0.325333 0.393333
-0.324667 0.394
-0.324 0.393333
-0.323333 0.392667
-0.322667 0.392
-0.322 0.391333
-0.321333 0.390667
-0.320667 0.39
-0.32 0.389333
-0.319333 0.388667
-0.318667 0.388
-0.318 0.387333
-0.317333 0.386667
-0.316667 0.386
-0.316 0.385333
-0.315333 0.384667
-0.314667 0.385333
-0.314 0.384667
-0.313333 0.384
-0.312667 0.384667
-0.312 0.384
-0.311333 0.384667
-0.310667 0.385333
-0.31 0.384667
-0.309333 0.384
-0.308667 0.383333
-0.308 0.382667
-0.307333 0.383333
-0.306667 0.384
-0.306 0.384667
-0.305333 0.384
-0.304667 0.383333
-0.304 0.382667
-0.303333 0.382
-0.302667 0.381333
-0.302 0.380667
-0.301333 0.38
-0.300667 0.379333
-0.3 0.38
-0.299333 0.379333
-0.298667 0.378667
-0.298 0.378
-0.297333 0.377333
-0.296667 0.376667
-0.296 0.376
-0.295333 0.375333
-0.294667 0.374667
-0.294 0.374
-0.293333 0.373333
-0.292667 0.372667
-0.292 0.373333
-0.291333 0.372667
-0.290667 0.373333
-0.29 0.372667
-0.289333 0.372
-0.288667 0.371333
-0.288 0.370667
-0.287333 0.371333
-0.286667 0.370667
-0.286 0.37
-0.285333 0.369333
-0.284667 0.37
-0.284 0.370667
-0.283333 0.371333
-0.282667 0.370667
-0.282 0.37
-0.281333 0.369333
-0.280667 0.368667
-0.28 0.369333
-0.279333 0.368667
-0.278667 0.368
-0.278 0.367333
-0.277333 0.366667
-0.276667 0.367333
-0.276 0.366667
-0.275333 0.367333
-0.274667 0.366667
-0.274 0.366
-0.273333 0.366667
-0.272667 0.367333
-0.272 0.366667
-0.271333 0.366
-0.270667 0.365333
-0.27 0.364667
-0.269333 0.364
-0.268667 0.363333
-0.268 0.364
-0.267333 0.364667
-0.266667 0.365333
-0.266 0.366
-0.265333 0.366667
-0.264667 0.366
-0.264 0.365333
-0.263333 0.364667
-0.262667 0.365333
-0.262 0.364667
-0.261333 0.364
-0.260667 0.363333
-0.26 0.362667
-0.259333 0.363333
-0.258667 0.362667
-0.258 0.363333
-0.257333 0.362667
-0.256667 0.362
-0.256 0.361333
-0.255333 0.362
-0.254667 0.361333
-0.254 0.360667
-0.253333 0.36
-0.252667 0.359333
-0.252 0.358667
-0.251333 0.358
-0.250667 0.358667
-0.25 0.359333
-0.249333 0.358667
-0.248667 0.359333
-0.248 0.358667
-0.247333 0.359333
-0.246667 0.36
-0.246 0.359333
-0.245333 0.358667
-0.244667 0.359333
-0.244 0.358667
-0.243333 0.358
-0.242667 0.357333
-0.242 0.356667
-0.241333 0.356
-0.240667 0.355333
-0.24 0.354667
-0.239333 0.354
-0.238667 0.354667
-0.238 0.354
-0.237333 0.353333
-0.236667 0.352667
-0.236 0.352
-0.235333 0.352667
-0.234667 0.352
-0.234 0.352667
-0.233333 0.352
-0.232667 0.351333
-0.232 0.350667
-0.231333 0.35
-0.230667 0.349333
-0.23 0.348667
-0.229333 0.349333
-0.228667 0.348667
-0.228 0.349333
-0.227333 0.35
-0.226667 0.349333
-0.226 0.348667
-0.225333 0.349333
-0.224667 0.348667
-0.224 0.349333
-0.223333 0.35
-0.222667 0.350667
-0.222 0.35
-0.221333 0.349333
-0.220667 0.348667
-0.22 0.348
-0.219333 0.347333
-0.218667 0.346667
-0.218 0.347333
-0.217333 0.346667
-0.216667 0.346
-0.216 0.345333
-0.215333 0.344667
-0.214667 0.344
-0.214 0.344667
-0.213333 0.345333
-0.212667 0.346
-0.212 0.345333
-0.211333 0.344667
-0.210667 0.344
-0.21 0.343333
-0.209333 0.342667
-0.208667 0.342
-0.208 0.341333
-0.207333 0.340667
-0.206667 0.341333
-0.206 0.342
-0.205333 0.342667
-0.204667 0.342
-0.204 0.341333
-0.203333 0.342
-0.202667 0.341333
-0.202 0.340667
-0.201333 0.34
-0.200667 0.339333
-0.2 0.338667
-0.199333 0.338
-0.198667 0.338667
-0.198 0.338
-0.197333 0.338667
-0.196667 0.338
-0.196 0.338667
-0.195333 0.339333
-0.194667 0.34
-0.194 0.340667
-0.193333 0.34
-0.192667 0.339333
-0.192 0.338667
-0.191333 0.338
-0.190667 0.337333
-0.19 0.336667
-0.189333 0.337333
-0.188667 0.338
-0.188 0.337333
-0.187333 0.336667
-0.186667 0.336
-0.186 0.336667
-0.185333 0.336
-0.184667 0.336667
-0.184 0.336
-0.183333 0.336667
-0.182667 0.336
-0.182 0.335333
-0.181333 0.334667
-0.180667 0.335333
-0.18 0.334667
-0.179333 0.335333
-0.178667 0.334667
-0.178 0.334
-0.177333 0.334667
-0.176667 0.335333
-0.176 0.334667
-0.175333 0.335333
-0.174667 0.336
-0.174 0.336667
-0.173333 0.337333
-0.172667 0.336667
-0.172 0.336
-0.171333 0.335333
-0.170667 0.334667
-0.17 0.335333
-0.169333 0.334667
-0.168667 0.334
-0.168 0.333333
-0.167333 0.334
-0.166667 0.333333
-0.166 0.332667
-0.165333 0.333333
-0.164667 0.334
-0.164 0.333333
-0.163333 0.332667
-0.162667 0.332
-0.162 0.331333
-0.161333 0.330667
-0.160667 0.331333
-0.16 0.332
-0.159333 0.331333
-0.158667 0.332
-0.158 0.332667
-0.157333 0.332
-0.156667 0.331333
-0.156 0.330667
-0.155333 0.33
-0.154667 0.330667
-0.154 0.33
-0.153333 0.330667
-0.152667 0.33
-0.152 0.329333
-0.151333 0.328667
-0.150667 0.328
-0.15 0.327333
-0.149333 0.326667
-0.148667 0.326
-0.148 0.325333
-0.147333 0.324667
-0.146667 0.324
-0.146 0.323333
-0.145333 0.322667
-0.144667 0.322
-0.144 0.321333
-0.143333 0.320667
-0.142667 0.32
-0.142 0.319333
-0.141333 0.318667
-0.140667 0.319333
-0.14 0.32
-0.139333 0.320667
-0.138667 0.321333
-0.138 0.322
-0.137333 0.321333
-0.136667 0.322
-0.136 0.322667
-0.135333 0.323333
-0.134667 0.322667
-0.134 0.322
-0.133333 0.321333
-0.132667 0.320667
-0.132 0.32
-0.131333 0.320667
-0.130667 0.321333
-0.13 0.322
-0.129333 0.322667
-0.128667 0.323333
-0.128 0.322667
-0.127333 0.323333
-0.126667 0.322667
-0.126 0.322
-0.125333 0.321333
-0.124667 0.320667
-0.124 0.321333
-0.123333 0.322
-0.122667 0.321333
-0.122 0.320667
-0.121333 0.32
-0.120667 0.319333
-0.12 0.318667
-0.119333 0.319333
-0.118667 0.318667
-0.118 0.318
-0.117333 0.317333
-0.116667 0.316667
-0.116 0.316
-0.115333 0.315333
-0.114667 0.314667
-0.114 0.315333
-0.113333 0.314667
-0.112667 0.315333
-0.112 0.314667
-0.111333 0.314
-0.110667 0.313333
-0.11 0.312667
-0.109333 0.312
-0.108667 0.311333
-0.108 0.312
-0.107333 0.312667
-0.106667 0.312
-0.106 0.311333
-0.105333 0.310667
-0.104667 0.31
-0.104 0.310667
-0.103333 0.311333
-0.102667 0.312
-0.102 0.311333
-0.101333 0.310667
-0.100667 0.31
-0.1 0.309333
-0.0993333 0.308667
-0.0986667 0.309333
-0.098 0.308667
-0.0973333 0.309333
-0.0966667 0.308667
-0.096 0.308
-0.0953333 0.307333
-0.0946667 0.306667
-0.094 0.306
-0.0933333 0.305333
-0.0926667 0.304667
-0.092 0.304
-0.0913333 0.303333
-0.0906667 0.302667
-0.09 0.302
-0.0893333 0.302667
-0.0886667 0.303333
-0.088 0.304
-0.0873333 0.304667
-0.0866667 0.305333
-0.086 0.304667
-0.0853333 0.304
-0.0846667 0.303333
-0.084 0.304
-0.0833333 0.304667
-0.0826667 0.304
-0.082 0.303333
-0.0813333 0.304
-0.0806667 0.304667
-0.08 0.304
-0.0793333 0.304667
-0.0786667 0.305333
-0.078 0.306
-0.0773333 0.305333
-0.0766667 0.306
-0.076 0.305333
-0.0753333 0.304667
-0.0746667 0.304
-0.074 0.304667
-0.0733333 0.304
-0.0726667 0.303333
-0.072 0.304
-0.0713333 0.303333
-0.0706667 0.304
-0.07 0.304667
-0.0693333 0.304
-0.0686667 0.304667
-0.068 0.304
-0.0673333 0.304667
-0.0666667 0.304
-0.066 0.304667
-0.0653333 0.305333
-0.0646667 0.304667
-0.064 0.304
-0.0633333 0.304667
-0.0626667 0.304
-0.062 0.304667
-0.0613333 0.305333
-0.0606667 0.304667
-0.06 0.304
-0.0593333 0.304667
-0.0586667 0.305333
-0.058 0.306
-0.0573333 0.306667
-0.0566667 0.307333
-0.056 0.308
-0.0553333 0.307333
-0.0546667 0.306667
-0.054 0.306
-0.0533333 0.305333
-0.0526667 0.306
-0.052 0.305333
-0.0513333 0.304667
-0.0506667 0.305333
-0.05 0.306
-0.0493333 0.305333
-0.0486667 0.304667
-0.048 0.304
-0.0473333 0.303333
-0.0466667 0.302667
-0.046 0.303333
-0.0453333 0.302667
-0.0446667 0.302
-0.044 0.301333
-0.0433333 0.300667
-0.0426667 0.301333
-0.042 0.300667
-0.0413333 0.301333
-0.0406667 0.300667
-0.04 0.3
-0.0393333 0.299333
-0.0386667 0.3
-0.038 0.300667
-0.0373333 0.301333
-0.0366667 0.300667
-0.036 0.3
-0.0353333 0.299333
-0.0346667 0.298667
-0.034 0.299333
-0.0333333 0.3
-0.0326667 0.300667
-0.032 0.3
-0.0313333 0.299333
-0.0306667 0.3
-0.03 0.299333
-0.0293333 0.3
-0.0286667 0.299333
-0.028 0.298667
-0.0273333 0.299333
-0.0266667 0.298667
-0.026 0.299333
-0.0253333 0.3
-0.0246667 0.300667
-0.024 0.3
-0.0233333 0.300667
-0.0226667 0.301333
-0.022 0.300667
-0.0213333 0.3
-0.0206667 0.300667
-0.02 0.3
-0.0193333 0.299333
-0.0186667 0.3
-0.018 0.300667
-0.0173333 0.301333
-0.0166667 0.300667
-0.016 0.3
-0.0153333 0.299333
-0.0146667 0.298667
-0.014 0.299333
-0.0133333 0.3
-0.0126667 0.300667
-0.012 0.3
-0.0113333 0.300667
-0.0106667 0.301333
-0.01 0.302
-0.00933333 0.302667
-0.00866667 0.302
-0.008 0.301333
-0.00733333 0.302
-0.00666667 0.301333
-0.006 0.302
-0.00533333 0.302667
-0.00466667 0.303333
-0.004 0.302667
-0.00333333 0.303333
-0.00266667 0.304
-0.002 0.303333
-0.00133333 0.304
-0.000666667 0.303333
0 0.302667
0.000666667 0.302
0.00133333 0.301333
0.002 0.302
0.00266667 0.301333
0.00333333 0.300667
0.004 0.3
0.00466667 0.300667
0.00533333 0.3
0.006 0.300667
0.00666667 0.301333
0.00733333 0.300667
0.008 0.3
0.00866667 0.300667
0.00933333 0.3
0.01 0.300667
0.0106667 0.301333
0.0113333 0.300667
0.012 0.3
0.0126667 0.299333
0.0133333 0.3
0.014 0.299333
0.0146667 0.3
0.0153333 0.299333
0.016 0.298667
0.0166667 0.298
0.0173333 0.297333
0.018 0.298
0.0186667 0.297333
0.0193333 0.298
0.02 0.297333
0.0206667 0.296667
0.0213333 0.296
0.022 0.295333
0.0226667 0.296
0.0233333 0.295333
0.024 0.294667
0.0246667 0.294
0.0253333 0.294667
0.026 0.295333
0.0266667 0.296
0.0273333 0.296667
0.028 0.297333
0.0286667 0.298
0.0293333 0.298667
0.03 0.299333
0.0306667 0.3
0.0313333 0.300667
0.032 0.3
0.0326667 0.300667
0.0333333 0.301333
0.034 0.302
0.0346667 0.302667
0.0353333 0.303333
0.036 0.302667
0.0366667 0.302
0.0373333 0.301333
0.038 0.302
0.0386667 0.301333
0.0393333 0.300667
0.04 0.3
0.0406667 0.299333
0.0413333 0.3
0.042 0.300667
0.0426667 0.301333
0.0433333 0.300667
0.044 0.301333
0.0446667 0.300667
0.0453333 0.301333
0.046 0.300667
0.0466667 0.3
0.0473333 0.300667
0.048 0.301333
0.0486667 0.302
0.0493333 0.301333
0.05 0.302
0.0506667 0.302667
0.0513333 0.303333
0.052 0.302667
0.0526667 0.303333
0.0533333 0.302667
0.054 0.302
0.0546667 0.302667
0.0553333 0.303333
0.056 0.304
0.0566667 0.303333
0.0573333 0.304
0.058 0.304667
0.0586667 0.305333
0.0593333 0.306
0.06 0.306667
0.0606667 0.307333
0.0613333 0.306667
0.062 0.306
0.0626667 0.305333
0.0633333 0.304667
0.064 0.304
0.0646667 0.304667
0.0653333 0.304
0.066 0.303333
0.0666667 0.302667
0.0673333 0.302
0.068 0.301333
0.0686667 0.302
0.0693333 0.301333
0.07 0.300667
0.0706667 0.301333
0.0713333 0.302
0.072 0.302667
0.0726667 0.303333
0.0733333 0.304
0.074 0.303333
0.0746667 0.302667
0.0753333 0.302
0.076 0.301333
0.0766667 0.300667
0.0773333 0.301333
0.078 0.302
0.0786667 0.302667
0.0793333 0.303333
0.08 0.304
0.0806667 0.304667
0.0813333 0.305333
0.082 0.306
0.0826667 0.306667
0.0833333 0.307333
0.084 0.308
0.0846667 0.308667
0.0853333 0.309333
0.086 0.31
0.0866667 0.310667
0.0873333 0.311333
0.088 0.312
0.0886667 0.312667
0.0893333 0.312
0.09 0.312667
0.0906667 0.312
0.0913333 0.311333
0.092 0.312
0.0926667 0.312667
0.0933333 0.313333
0.094 0.314
0.0946667 0.314667
0.0953333 0.315333
0.096 0.314667
0.0966667 0.315333
0.0973333 0.314667
0.098 0.314
0.0986667 0.314667
0.0993333 0.315333
0.1 0.316
0.100667 0.316667
0.101333 0.317333
0.102 0.318
0.102667 0.317333
0.103333 0.316667
0.104 0.317333
0.104667 0.318
0.105333 0.317333
0.106 0.318
0.106667 0.318667
0.107333 0.318
0.108 0.318667
0.108667 0.319333
0.109333 0.318667
0.11 0.319333
0.110667 0.32
0.111333 0.319333
0.112 0.318667
0.112667 0.319333
0.113333 0.318667
0.114 0.318
0.114667 0.318667
0.115333 0.319333
0.116 0.32
0.116667 0.319333
0.117333 0.32
0.118 0.320667
0.118667 0.321333
0.119333 0.320667
0.12 0.321333
0.120667 0.322
0.121333 0.321333
0.122 0.320667
0.122667 0.321333
0.123333 0.322
0.124 0.322667
0.124667 0.322
0.125333 0.322667
0.126 0.323333
0.126667 0.324
0.127333 0.324667
0.128 0.325333
0.128667 0.326
0.129333 0.325333
0.13 0.326
0.130667 0.325333
0.131333 0.324667
0.132 0.324
0.132667 0.323333
0.133333 0.322667
0.134 0.323333
0.134667 0.324
0.135333 0.324667
0.136 0.325333
0.136667 0.324667
0.137333 0.325333
0.138 0.326
0.138667 0.325333
0.139333 0.326
0.14 0.326667
0.140667 0.327333
0.141333 0.328
0.142 0.328667
0.142667 0.328
0.143333 0.327333
0.144 0.326667
0.144667 0.326
0.145333 0.326667
0.146 0.326
0.146667 0.326667
0.147333 0.327333
0.148 0.328
0.148667 0.328667
0.149333 0.328
0.15 0.327333
0.150667 0.328
0.151333 0.327333
0.152 0.328
0.152667 0.328667
0.153333 0.329333
0.154 0.33
0.154667 0.329333
0.155333 0.33
0.156 0.330667
0.156667 0.331333
0.157333 0.330667
0.158 0.33
0.158667 0.330667
0.159333 0.331333
0.16 0.332
0.160667 0.331333
0.161333 0.330667
0.162 0.331333
0.162667 0.332
0.163333 0.331333
0.164 0.330667
0.164667 0.33
0.165333 0.330667
0.166 0.331333
0.166667 0.330667
0.167333 0.33
0.168 0.329333
0.168667 0.33
0.169333 0.330667
0.17 0.33
0.170667 0.330667
0.171333 0.331333
0.172 0.332
0.172667 0.332667
0.173333 0.333333
0.174 0.334
0.174667 0.333333
0.175333 0.334
0.176 0.333333
0.176667 0.332667
0.177333 0.333333
0.178 0.334
0.178667 0.334667
0.179333 0.334
0.18 0.334667
0.180667 0.335333
0.181333 0.334667
0.182 0.335333
0.182667 0.336
0.183333 0.336667
0.184 0.336
0.184667 0.336667
0.185333 0.337333
0.186 0.336667
0.186667 0.336
0.187333 0.335333
0.188 0.336
0.188667 0.336667
0.189333 0.336
0.19 0.336667
0.190667 0.337333
0.191333 0.336667
0.192 0.336
0.192667 0.335333
0.193333 0.334667
0.194 0.334
0.194667 0.334667
0.195333 0.335333
0.196 0.336
0.196667 0.335333
0.197333 0.336
0.198 0.335333
0.198667 0.336
0.199333 0.336667
0.2 0.337333
0.200667 0.338
0.201333 0.337333
0.202 0.336667
0.202667 0.337333
0.203333 0.338
0.204 0.338667
0.204667 0.339333
0.205333 0.34
0.206 0.339333
0.206667 0.34
0.207333 0.340667
0.208 0.34
0.208667 0.339333
0.209333 0.34
0.21 0.340667
0.210667 0.341333
0.211333 0.340667
0.212 0.34
0.212667 0.340667
0.213333 0.341333
0.214 0.342
0.214667 0.342667
0.215333 0.343333
0.216 0.344
0.216667 0.343333
0.217333 0.344
0.218 0.344667
0.218667 0.344
0.219333 0.343333
0.22 0.342667
0.220667 0.342
0.221333 0.341333
0.222 0.342
0.222667 0.341333
0.223333 0.340667
0.224 0.34
0.224667 0.340667
0.225333 0.341333
0.226 0.342
0.226667 0.341333
0.227333 0.342
0.228 0.342667
0.228667 0.343333
0.229333 0.342667
0.23 0.343333
0.230667 0.344
0.231333 0.344667
0.232 0.345333
0.232667 0.346
0.233333 0.346667
0.234 0.347333
0.234667 0.348
0.235333 0.348667
0.236 0.349333
0.236667 0.35
0.237333 0.349333
0.238 0.348667
0.238667 0.348
0.239333 0.347333
0.24 0.346667
0.240667 0.347333
0.241333 0.346667
0.242 0.347333
0.242667 0.348
0.243333 0.348667
0.244 0.348
0.244667 0.347333
0.245333 0.348
0.246 0.347333
0.246667 0.348
0.247333 0.348667
0.248 0.349333
0.248667 0.348667
0.249333 0.349333
0.25 0.35
0.250667 0.350667
0.251333 0.351333
0.252 0.352
0.252667 0.351333
0.253333 0.352
0.254 0.352667
0.254667 0.353333
0.255333 0.354
0.256 0.354667
0.256667 0.355333
0.257333 0.354667
0.258 0.355333
0.258667 0.356
0.259333 0.356667
0.26 0.357333
0.260667 0.358
0.261333 0.358667
0.262 0.359333
0.262667 0.36
0.263333 0.360667
0.264 0.361333
0.264667 0.362
0.265333 0.362667
0.266 0.363333
0.266667 0.364
0.267333 0.364667
0.268 0.364
0.268667 0.363333
0.269333 0.364
0.27 0.364667
0.270667 0.365333
0.271333 0.366
0.272 0.366667
0.272667 0.367333
0.273333 0.366667
0.274 0.367333
0.274667 0.368
0.275333 0.368667
0.276 0.369333
0.276667 0.37
0.277333 0.370667
0.278 0.371333
0.278667 0.372
0.279333 0.371333
0.28 0.370667
0.280667 0.37
0.281333 0.369333
0.282 0.37
0.282667 0.370667
0.283333 0.371333
0.284 0.372
0.284667 0.372667
0.285333 0.373333
0.286 0.374
0.286667 0.374667
0.287333 0.375333
0.288 0.376
0.288667 0.376667
0.289333 0.377333
0.29 0.378
0.290667 0.378667
0.291333 0.379333
0.292 0.38
0.292667 0.380667
0.293333 0.381333
0.294 0.382
0.294667 0.382667
0.295333 0.383333
0.296 0.384
0.296667 0.383333
0.297333 0.382667
0.298 0.382
0.298667 0.381333
0.299333 0.380667
0.3 0.38
0.300667 0.379333
0.301333 0.38
0.302 0.380667
0.302667 0.38
0.303333 0.379333
0.304 0.38
0.304667 0.380667
0.305333 0.381333
0.306 0.382
0.306667 0.382667
0.307333 0.383333
0.308 0.384
0.308667 0.384667
0.309333 0.385333
0.31 0.386
0.310667 0.386667
0.311333 0.387333
0.312 0.388
0.312667 0.388667
0.313333 0.388
0.314 0.388667
0.314667 0.389333
0.315333 0.39
0.316 0.390667
0.316667 0.391333
0.317333 0.392
0.318 0.392667
0.318667 0.392
0.319333 0.392667
0.32 0.393333
0.320667 0.392667
0.321333 0.393333
0.322 0.394
0.322667 0.393333
0.323333 0.392667
0.324 0.393333
0.324667 0.394
0.325333 0.393333
0.326 0.392667
0.326667 0.393333
0.327333 0.392667
0.328 0.393333
0.328667 0.394
0.329333 0.394667
0.33 0.395333
0.330667 0.396
0.331333 0.396667
0.332 0.397333
0.332667 0.398
0.333333 0.397333
0.334 0.398
0.334667 0.397333
0.335333 0.398
0.336 0.398667
0.336667 0.399333
0.337333 0.398667
0.338 0.399333
0.338667 0.398667
0.339333 0.399333
0.34 0.4
0.340667 0.400667
0.341333 0.401333
0.342 0.402
0.342667 0.402667
0.343333 0.403333
0.344 0.404
0.344667 0.404667
0.345333 0.404
0.346 0.404667
0.346667 0.404
0.347333 0.404667
0.348 0.405333
0.348667 0.406
0.349333 0.405333
0.35 0.406
0.350667 0.406667
0.351333 0.406
0.352 0.406667
0.352667 0.407333
0.353333 0.408
0.354 0.408667
0.354667 0.409333
0.355333 0.41
0.356 0.410667
0.356667 0.411333
0.357333 0.412
0.358 0.412667
0.358667 0.413333
0.359333 0.414
0.36 0.414667
0.360667 0.415333
0.361333 0.416
0.362 0.416667
0.362667 0.417333
0.363333 0.418
0.364 0.418667
0.364667 0.419333
0.365333 0.42
0.366 0.420667
0.366667 0.421333
0.367333 0.422
0.368 0.422667
0.368667 0.423333
0.369333 0.424
0.37 0.423333
0.370667 0.424
0.371333 0.423333
0.372 0.424
0.372667 0.424667
0.373333 0.424
0.374 0.424667
0.374667 0.425333
0.375333 0.424667
0.376 0.424
0.376667 0.424667
0.377333 0.425333
0.378 0.424667
0.378667 0.425333
0.379333 0.426
0.38 0.426667
0.380667 0.426
0.381333 0.426667
0.382 0.427333
0.382667 0.426667
0.383333 0.427333
0.384 0.428
0.384667 0.428667
0.385333 0.429333
0.386 0.43
0.386667 0.430667
0.387333 0.431333
0.388 0.430667
0.388667 0.431333
0.389333 0.430667
0.39 0.431333
0.390667 0.432
0.391333 0.432667
0.392 0.433333
0.392667 0.434
0.393333 0.434667
0.394 0.435333
0.394667 0.436
0.395333 0.436667
0.396 0.437333
0.396667 0.436667
0.397333 0.437333
0.398 0.438
0.398667 0.438667
0.399333 0.439333
0.4 0.44
0.400667 0.440667
0.401333 0.441333
0.402 0.440667
0.402667 0.441333
0.403333 0.442
0.404 0.442667
0.404667 0.443333
0.405333 0.444
0.406 0.444667
0.406667 0.445333
0.407333 0.446
0.408 0.446667
0.408667 0.447333
0.409333 0.448
0.41 0.448667
0.410667 0.449333
0.411333 0.45
0.412 0.449333
0.412667 0.45
0.413333 0.450667
0.414 0.451333
0.414667 0.452
0.415333 0.452667
0.416 0.453333
0.416667 0.454
0.417333 0.454667
0.418 0.455333
0.418667 0.456
0.419333 0.456667
0.42 0.457333
0.420667 0.458
0.421333 0.458667
0.422 0.459333
0.422667 0.458667
0.423333 0.459333
0.424 0.46
0.424667 0.460667
0.425333 0.46
0.426 0.460667
0.426667 0.461333
0.427333 0.462
0.428 0.462667
0.428667 0.462
0.429333 0.462667
0.43 0.463333
0.430667 0.464
0.431333 0.463333
0.432 0.464
0.432667 0.464667
0.433333 0.465333
0.434 0.466
0.434667 0.466667
0.435333 0.467333
0.436 0.468
0.436667 0.468667
0.437333 0.469333
0.438 0.47
0.438667 0.470667
0.439333 0.471333
0.44 0.472
0.440667 0.472667
0.441333 0.472
0.442 0.472667
0.442667 0.473333
0.443333 0.474
0.444 0.474667
0.444667 0.475333
0.445333 0.476
0.446 0.476667
0.446667 0.477333
0.447333 0.478
0.448 0.478667
0.448667 0.478
0.449333 0.478667
0.45 0.479333
0.450667 0.48
0.451333 0.480667
0.452 0.481333
0.452667 0.482
0.453333 0.481333
0.454 0.482
0.454667 0.482667
0.455333 0.483333
0.456 0.484
0.456667 0.484667
0.457333 0.485333
0.458 0.486
0.458667 0.486667
0.459333 0.487333
0.46 0.488
0.460667 0.488667
0.461333 0.489333
0.462 0.49
0.462667 0.490667
0.463333 0.491333
0.464 0.492
0.464667 0.492667
0.465333 0.493333
0.466 0.494
0.466667 0.493333
0.467333 0.494
0.468 0.494667
0.468667 0.495333
0.469333 0.496
0.47 0.496667
0.470667 0.497333
0.471333 0.498
0.472 0.498667
0.472667 0.499333
0.473333 0.5
0.474 0.499333
0.474667 0.498667
0.475333 0.499333
0.476 0.5
0.476667 0.500667
0.477333 0.501333
0.478 0.500667
0.478667 0.501333
0.479333 0.502
0.48 0.502667
0.480667 0.503333
0.481333 0.504
0.482 0.503333
0.482667 0.504
0.483333 0.504667
0.484 0.505333
0.484667 0.506
0.485333 0.506667
0.486 0.507333
0.486667 0.508
0.487333 0.508667
0.488 0.509333
0.488667 0.51
0.489333 0.510667
0.49 0.511333
0.490667 0.512
0.491333 0.512667
0.492 0.513333
0.492667 0.514
0.493333 0.514667
0.494 0.515333
0.494667 0.516
0.495333 0.516667
0.496 0.517333
0.496667 0.518
0.497333 0.518667
0.498 0.519333
0.498667 0.52
0.499333 0.520667
0.5 0.521333
0.500667 0.522
0.501333 0.522667
0.502 0.522
0.502667 0.522667
0.503333 0.523333
0.504 0.524
0.504667 0.524667
0.505333 0.525333
0.506 0.526
0.506667 0.526667
0.507333 0.527333
0.508 0.528
0.508667 0.528667
0.509333 0.529333
0.51 0.53
0.510667 0.529333
0.511333 0.53
0.512 0.529333
0.512667 0.53
0.513333 0.530667
0.514 0.531333
0.514667 0.532
0.515333 0.532667
0.516 0.533333
0.516667 0.534
0.517333 0.534667
0.518 0.535333
0.518667 0.536
0.519333 0.536667
0.52 0.537333
0.520667 0.536667
0.521333 0.536
0.522 0.536667
0.522667 0.537333
0.523333 0.538
0.524 0.538667
0.524667 0.539333
0.525333 0.54
0.526 0.540667
0.526667 0.541333
0.527333 0.542
0.528 0.542667
0.528667 0.543333
0.529333 0.544
0.53 0.544667
0.530667 0.545333
0.531333 0.546
0.532 0.546667
0.532667 0.547333
0.533333 0.548
0.534 0.548667
0.534667 0.549333
0.535333 0.548667
0.536 0.549333
0.536667 0.55
0.537333 0.550667
0.538 0.551333
0.538667 0.552
0.539333 0.552667
0.54 0.553333
0.540667 0.554
0.541333 0.554667
0.542 0.555333
0.542667 0.556
0.543333 0.556667
0.544 0.557333
0.544667 0.558
0.545333 0.558667
0.546 0.559333
0.546667 0.56
0.547333 0.560667
0.548 0.56
0.548667 0.560667
0.549333 0.56
0.55 0.560667
0.550667 0.561333
0.551333 0.562
0.552 0.562667
0.552667 0.563333
0.553333 0.564
0.554 0.564667
0.554667 0.565333
0.555333 0.566
0.556 0.566667
0.556667 0.567333
0.557333 0.568
0.558 0.568667
0.558667 0.569333
0.559333 0.57
0.56 0.570667
0.560667 0.571333
0.561333 0.572
0.562 0.572667
0.562667 0.573333
0.563333 0.574
0.564 0.574667
0.564667 0.575333
0.565333 0.576
0.566 0.576667
0.566667 0.577333
0.567333 0.578
0.568 0.578667
0.568667 0.579333
0.569333 0.58
0.57 0.580667
0.570667 0.581333
0.571333 0.580667
0.572 0.581333
0.572667 0.580667
0.573333 0.581333
0.574 0.582
0.574667 0.581333
0.575333 0.582
0.576 0.582667
0.576667 0.583333
0.577333 0.584
0.578 0.584667
0.578667 0.585333
0.579333 0.586
0.58 0.586667
0.580667 0.587333
0.581333 0.588
0.582 0.587333
0.582667 0.588
0.583333 0.588667
0.584 0.589333
0.584667 0.59
0.585333 0.590667
0.586 0.591333
0.586667 0.592
0.587333 0.592667
0.588 0.593333
0.588667 0.594
0.589333 0.594667
0.59 0.595333
0.590667 0.596
0.591333 0.596667
0.592 0.597333
0.592667 0.598
0.593333 0.598667
0.594 0.599333
0.594667 0.6
0.595333 0.600667
0.596 0.601333
0.596667 0.602
0.597333 0.602667
0.598 0.603333
0.598667 0.604
0.599333 0.604667
0.6 0.605333
0.600667 0.606
0.601333 0.606667
0.602 0.607333
0.602667 0.608
0.603333 0.608667
0.604 0.609333
0.604667 0.61
0.605333 0.610667
0.606 0.611333
0.606667 0.612
0.607333 0.612667
0.608 0.613333
0.608667 0.614
0.609333 0.614667
0.61 0.615333
0.610667 0.616
0.611333 0.615333
0.612 0.616
0.612667 0.616667
0.613333 0.617333
0.614 0.618
0.614667 0.618667
0.615333 0.619333
0.616 0.62
0.616667 0.620667
0.617333 0.621333
0.618 0.622
0.618667 0.622667
0.619333 0.623333
0.62 0.624
0.620667 0.624667
0.621333 0.625333
0.622 0.626
0.622667 0.626667
0.623333 0.627333
0.624 0.628
0.624667 0.628667
0.625333 0.629333
0.626 0.63
0.626667 0.630667
0.627333 0.631333
0.628 0.632
0.628667 0.632667
0.629333 0.633333
0.63 0.632667
0.630667 0.633333
0.631333 0.634
0.632 0.634667
0.632667 0.635333
0.633333 0.636
0.634 0.636667
0.634667 0.637333
0.635333 0.638
0.636 0.638667
0.636667 0.639333
0.637333 0.64
0.638 0.640667
0.638667 0.641333
0.639333 0.642
0.64 0.642667
0.640667 0.643333
0.641333 0.644
0.642 0.644667
0.642667 0.645333
0.643333 0.646
0.644 0.646667
0.644667 0.647333
0.645333 0.648
0.646 0.648667
0.646667 0.649333
0.647333 0.65
0.648 0.650667
0.648667 0.651333
0.649333 0.652
0.65 0.652667
0.650667 0.653333
0.651333 0.654
0.652 0.654667
0.652667 0.655333
0.653333 0.656
0.654 0.656667
0.654667 0.657333
0.655333 0.658
0.656 0.658667
0.656667 0.659333
0.657333 0.66
0.658 0.660667
0.658667 0.661333
0.659333 0.662
0.66 0.662667
0.660667 0.663333
0.661333 0.664
0.662 0.663333
0.662667 0.664
0.663333 0.664667
0.664 0.665333
0.664667 0.666
0.665333 0.666667
0 0
