-1.66667 1.66667
-1.665 1.665
-1.66333 1.66333
-1.66167 1.66167
-1.66 1.66
-1.65833 1.65833
-1.65667 1.65667
-1.655 1.655
-1.65333 1.65333
-1.65167 1.65167
-1.65 1.65
-1.64833 1.64833
-1.64667 1.64667
-1.645 1.645
-1.64333 1.64333
-1.64167 1.64167
-1.64 1.64
-1.63833 1.63833
-1.63667 1.63667
-1.635 1.635
-1.63333 1.63333
-1.63167 1.63167
-1.63 1.63
-1.62833 1.62833
-1.62667 1.62667
-1.625 1.625
-1.62333 1.62333
-1.62167 1.62167
-1.62 1.62
-1.61833 1.61833
-1.61667 1.61667
-1.615 1.615
-1.61333 1.61333
-1.61167 1.61167
-1.61 1.61
-1.60833 1.60833
-1.60667 1.60667
-1.605 1.605
-1.60333 1.60333
-1.60167 1.60167
-1.6 1.6
-1.59833 1.59833
-1.59667 1.59667
-1.595 1.595
-1.59333 1.59333
-1.59167 1.59167
-1.59 1.59
-1.58833 1.58833
-1.58667 1.58667
-1.585 1.585
-1.58333 1.58333
-1.58167 1.58167
-1.58 1.58
-1.57833 1.57833
-1.57667 1.57667
-1.575 1.575
-1.57333 1.57333
-1.57167 1.57167
-1.57 1.57
-1.56833 1.56833
-1.56667 1.56667
-1.565 1.565
-1.56333 1.56333
-1.56167 1.56167
-1.56 1.56
-1.55833 1.55833
-1.55667 1.55667
-1.555 1.555
-1.55333 1.55333
-1.55167 1.55167
-1.55 1.55
-1.54833 1.54833
-1.54667 1.54667
-1.545 1.545
-1.54333 1.54333
-1.54167 1.54167
-1.54 1.54
-1.53833 1.53833
-1.53667 1.53667
-1.535 1.535
-1.53333 1.53333
-1.53167 1.53167
-1.53 1.53
-1.52833 1.52833
-1.52667 1.52667
-1.525 1.525
-1.52333 1.52333
-1.52167 1.52167
-1.52 1.52
-1.51833 1.51833
-1.51667 1.51667
-1.515 1.515
-1.51333 1.51333
-1.51167 1.51167
-1.51 1.51
-1.50833 1.50833
-1.50667 1.50667
-1.505 1.505
-1.50333 1.50333
-1.50167 1.50167
-1.5 1.5
-1.49833 1.49833
-1.49667 1.49667
-1.495 1.495
-1.49333 1.49333
-1.49167 1.49167
-1.49 1.49
-1.48833 1.48833
-1.48667 1.48667
-1.485 1.485
-1.48333 1.48333
-1.48167 1.48167
-1.48 1.48
-1.47833 1.47833
-1.47667 1.47667
-1.475 1.475
-1.47333 1.47333
-1.47167 1.47167
-1.47 1.47
-1.46833 1.46833
-1.46667 1.46667
-1.465 1.465
-1.46333 1.46333
-1.46167 1.46167
-1.46 1.46
-1.45833 1.45833
-1.45667 1.45667
-1.455 1.455
-1.45333 1.45333
-1.45167 1.45167
-1.45 1.45
-1.44833 1.44833
-1.44667 1.44667
-1.445 1.445
-1.44333 1.44333
-1.44167 1.44167
-1.44 1.44
-1.43833 1.43833
-1.43667 1.43667
-1.435 1.435
-1.43333 1.43333
-1.43167 1.43167
-1.43 1.43
-1.42833 1.42833
-1.42667 1.42667
-1.425 1.425
-1.42333 1.42333
-1.42167 1.42167
-1.42 1.42
-1.41833 1.41833
-1.41667 1.41667
-1.415 1.415
-1.41333 1.41333
-1.41167 1.41167
-1.41 1.41
-1.40833 1.40833
-1.40667 1.40667
-1.405 1.405
-1.40333 1.40333
-1.40167 1.40167
-1.4 1.4
-1.39833 1.39833
-1.39667 1.39667
-1.395 1.395
-1.39333 1.39333
-1.39167 1.39167
-1.39 1.39
-1.38833 1.38833
-1.38667 1.38667
-1.385 1.385
-1.38333 1.38333
-1.38167 1.38167
-1.38 1.38
-1.37833 1.37833
-1.37667 1.37667
-1.375 1.375
-1.37333 1.37333
-1.37167 1.37167
-1.37 1.37
-1.36833 1.36833
-1.36667 1.36667
-1.365 1.365
-1.36333 1.36333
-1.36167 1.36167
-1.36 1.36
-1.35833 1.35833
-1.35667 1.35667
-1.355 1.355
-1.35333 1.35333
-1.35167 1.35167
-1.35 1.35
-1.34833 1.34833
-1.34667 1.34667
-1.345 1.345
-1.34333 1.34333
-1.34167 1.34167
-1.34 1.34
-1.33833 1.33833
-1.33667 1.33667
-1.335 1.335
-1.33333 1.33333
-1.33167 1.33167
-1.33 1.33
-1.32833 1.32833
-1.32667 1.32667
-1.325 1.325
-1.32333 1.32333
-1.32167 1.32167
-1.32 1.32
-1.31833 1.31833
-1.31667 1.31667
-1.315 1.315
-1.31333 1.31333
-1.31167 1.31167
-1.31 1.31
-1.30833 1.30833
-1.30667 1.30667
-1.305 1.305
-1.30333 1.30333
-1.30167 1.30167
-1.3 1.3
-1.29833 1.29833
-1.29667 1.29667
-1.295 1.295
-1.29333 1.29333
-1.29167 1.29167
-1.29 1.29
-1.28833 1.28833
-1.28667 1.28667
-1.285 1.285
-1.28333 1.28333
-1.28167 1.28167
-1.28 1.28
-1.27833 1.27833
-1.27667 1.27667
-1.275 1.275
-1.27333 1.27333
-1.27167 1.27167
-1.27 1.27
-1.26833 1.26833
-1.26667 1.26667
-1.265 1.265
-1.26333 1.26333
-1.26167 1.26167
-1.26 1.26
-1.25833 1.25833
-1.25667 1.25667
-1.255 1.255
-1.25333 1.25333
-1.25167 1.25167
-1.25 1.25
-1.24833 1.24833
-1.24667 1.24667
-1.245 1.245
-1.24333 1.24333
-1.24167 1.24167
-1.24 1.24
-1.23833 1.23833
-1.23667 1.23667
-1.235 1.235
-1.23333 1.23333
-1.23167 1.23167
-1.23 1.23
-1.22833 1.22833
-1.22667 1.22667
-1.225 1.225
-1.22333 1.22333
-1.22167 1.22167
-1.22 1.22
-1.21833 1.21833
-1.21667 1.21667
-1.215 1.215
-1.21333 1.21333
-1.21167 1.21167
-1.21 1.21
-1.20833 1.20833
-1.20667 1.20667
-1.205 1.205
-1.20333 1.20333
-1.20167 1.20167
-1.2 1.2
-1.19833 1.19833
-1.19667 1.19667
-1.195 1.195
-1.19333 1.19333
-1.19167 1.19167
-1.19 1.19
-1.18833 1.18833
-1.18667 1.18667
-1.185 1.185
-1.18333 1.18333
-1.18167 1.18167
-1.18 1.18
-1.17833 1.17833
-1.17667 1.17667
-1.175 1.175
-1.17333 1.17333
-1.17167 1.17167
-1.17 1.17
-1.16833 1.16833
-1.16667 1.16667
-1.165 1.165
-1.16333 1.16333
-1.16167 1.16167
-1.16 1.16
-1.15833 1.15833
-1.15667 1.15667
-1.155 1.155
-1.15333 1.15333
-1.15167 1.15167
-1.15 1.15
-1.14833 1.14833
-1.14667 1.14667
-1.145 1.145
-1.14333 1.14333
-1.14167 1.14167
-1.14 1.14
-1.13833 1.13833
-1.13667 1.13667
-1.135 1.135
-1.13333 1.13333
-1.13167 1.13167
-1.13 1.13
-1.12833 1.12833
-1.12667 1.12667
-1.125 1.125
-1.12333 1.12333
-1.12167 1.12167
-1.12 1.12
-1.11833 1.11833
-1.11667 1.11667
-1.115 1.115
-1.11333 1.11333
-1.11167 1.11167
-1.11 1.11
-1.10833 1.10833
-1.10667 1.10667
-1.105 1.105
-1.10333 1.10333
-1.10167 1.10167
-1.1 1.1
-1.09833 1.09833
-1.09667 1.09667
-1.095 1.095
-1.09333 1.09333
-1.09167 1.09167
-1.09 1.09
-1.08833 1.08833
-1.08667 1.08667
-1.085 1.085
-1.08333 1.08333
-1.08167 1.08167
-1.08 1.08
-1.07833 1.07833
-1.07667 1.07667
-1.075 1.075
-1.07333 1.07333
-1.07167 1.07167
-1.07 1.07
-1.06833 1.06833
-1.06667 1.06667
-1.065 1.065
-1.06333 1.06333
-1.06167 1.06167
-1.06 1.06
-1.05833 1.05833
-1.05667 1.05667
-1.055 1.055
-1.05333 1.05333
-1.05167 1.05167
-1.05 1.05
-1.04833 1.04833
-1.04667 1.04667
-1.045 1.045
-1.04333 1.04333
-1.04167 1.04167
-1.04 1.04
-1.03833 1.03833
-1.03667 1.03667
-1.035 1.035
-1.03333 1.03333
-1.03167 1.03167
-1.03 1.03
-1.02833 1.02833
-1.02667 1.02667
-1.025 1.025
-1.02333 1.02333
-1.02167 1.02167
-1.02 1.02
-1.01833 1.01833
-1.01667 1.01667
-1.015 1.015
-1.01333 1.01333
-1.01167 1.01167
-1.01 1.01
-1.00833 1.00833
-1.00667 1.00667
-1.005 1.005
-1.00333 1.00333
-1.00167 1.00167
-1 1
-0.998333 0.998333
-0.996667 0.996667
-0.995 0.995
-0.993333 0.993333
-0.991667 0.991667
-0.99 0.99
-0.988333 0.988333
-0.986667 0.986667
-0.985 0.985
-0.983333 0.983333
-0.981667 0.981667
-0.98 0.98
-0.978333 0.978333
-0.976667 0.976667
-0.975 0.975
-0.973333 0.973333
-0.971667 0.971667
-0.97 0.97
-0.968333 0.968333
-0.966667 0.966667
-0.965 0.965
-0.963333 0.963333
-0.961667 0.961667
-0.96 0.96
-0.958333 0.958333
-0.956667 0.956667
-0.955 0.955
-0.953333 0.953333
-0.951667 0.951667
-0.95 0.95
-0.948333 0.948333
-0.946667 0.946667
-0.945 0.945
-0.943333 0.943333
-0.941667 0.941667
-0.94 0.94
-0.938333 0.938333
-0.936667 0.936667
-0.935 0.935
-0.933333 0.933333
-0.931667 0.931667
-0.93 0.93
-0.928333 0.928333
-0.926667 0.926667
-0.925 0.925
-0.923333 0.923333
-0.921667 0.921667
-0.92 0.92
-0.918333 0.918333
-0.916667 0.916667
-0.915 0.915
-0.913333 0.913333
-0.911667 0.911667
-0.91 0.91
-0.908333 0.908333
-0.906667 0.906667
-0.905 0.905
-0.903333 0.903333
-0.901667 0.901667
-0.9 0.9
-0.898333 0.898333
-0.896667 0.896667
-0.895 0.895
-0.893333 0.893333
-0.891667 0.891667
-0.89 0.89
-0.888333 0.888333
-0.886667 0.886667
-0.885 0.885
-0.883333 0.883333
-0.881667 0.881667
-0.88 0.88
-0.878333 0.878333
-0.876667 0.876667
-0.875 0.875
-0.873333 0.873333
-0.871667 0.871667
-0.87 0.87
-0.868333 0.868333
-0.866667 0.866667
-0.865 0.865
-0.863333 0.863333
-0.861667 0.861667
-0.86 0.86
-0.858333 0.858333
-0.856667 0.856667
-0.855 0.855
-0.853333 0.853333
-0.851667 0.851667
-0.85 0.85
-0.848333 0.848333
-0.846667 0.846667
-0.845 0.845
-0.843333 0.843333
-0.841667 0.841667
-0.84 0.84
-0.838333 0.838333
-0.836667 0.836667
-0.835 0.835
-0.833333 0.833333
-0.831667 0.831667
-0.83 0.83
-0.828333 0.828333
-0.826667 0.826667
-0.825 0.825
-0.823333 0.823333
-0.821667 0.821667
-0.82 0.82
-0.818333 0.818333
-0.816667 0.816667
-0.815 0.815
-0.813333 0.813333
-0.811667 0.811667
-0.81 0.81
-0.808333 0.808333
-0.806667 0.806667
-0.805 0.805
-0.803333 0.803333
-0.801667 0.801667
-0.8 0.8
-0.798333 0.798333
-0.796667 0.796667
-0.795 0.795
-0.793333 0.793333
-0.791667 0.791667
-0.79 0.79
-0.788333 0.788333
-0.786667 0.786667
-0.785 0.785
-0.783333 0.783333
-0.781667 0.781667
-0.78 0.78
-0.778333 0.778333
-0.776667 0.776667
-0.775 0.775
-0.773333 0.773333
-0.771667 0.771667
-0.77 0.77
-0.768333 0.768333
-0.766667 0.766667
-0.765 0.765
-0.763333 0.763333
-0.761667 0.761667
-0.76 0.76
-0.758333 0.758333
-0.756667 0.756667
-0.755 0.755
-0.753333 0.753333
-0.751667 0.751667
-0.75 0.75
-0.748333 0.748333
-0.746667 0.746667
-0.745 0.745
-0.743333 0.743333
-0.741667 0.741667
-0.74 0.74
-0.738333 0.738333
-0.736667 0.736667
-0.735 0.735
-0.733333 0.733333
-0.731667 0.731667
-0.73 0.73
-0.728333 0.728333
-0.726667 0.726667
-0.725 0.725
-0.723333 0.723333
-0.721667 0.721667
-0.72 0.72
-0.718333 0.718333
-0.716667 0.716667
-0.715 0.715
-0.713333 0.713333
-0.711667 0.711667
-0.71 0.71
-0.708333 0.708333
-0.706667 0.706667
-0.705 0.705
-0.703333 0.703333
-0.701667 0.701667
-0.7 0.7
-0.698333 0.698333
-0.696667 0.696667
-0.695 0.695
-0.693333 0.693333
-0.691667 0.691667
-0.69 0.69
-0.688333 0.688333
-0.686667 0.686667
-0.685 0.685
-0.683333 0.683333
-0.681667 0.681667
-0.68 0.68
-0.678333 0.678333
-0.676667 0.676667
-0.675 0.675
-0.673333 0.673333
-0.671667 0.671667
-0.67 0.67
-0.668333 0.668333
-0.666667 0.666667
-0.665 0.665
-0.663333 0.663333
-0.661667 0.661667
-0.66 0.66
-0.658333 0.658333
-0.656667 0.656667
-0.655 0.655
-0.653333 0.653333
-0.651667 0.651667
-0.65 0.65
-0.648333 0.648333
-0.646667 0.646667
-0.645 0.645
-0.643333 0.643333
-0.641667 0.641667
-0.64 0.64
-0.638333 0.638333
-0.636667 0.636667
-0.635 0.635
-0.633333 0.633333
-0.631667 0.631667
-0.63 0.63
-0.628333 0.628333
-0.626667 0.626667
-0.625 0.625
-0.623333 0.623333
-0.621667 0.621667
-0.62 0.62
-0.618333 0.618333
-0.616667 0.616667
-0.615 0.615
-0.613333 0.613333
-0.611667 0.611667
-0.61 0.61
-0.608333 0.608333
-0.606667 0.606667
-0.605 0.605
-0.603333 0.603333
-0.601667 0.601667
-0.6 0.6
-0.598333 0.598333
-0.596667 0.596667
-0.595 0.595
-0.593333 0.593333
-0.591667 0.591667
-0.59 0.59
-0.588333 0.588333
-0.586667 0.586667
-0.585 0.585
-0.583333 0.583333
-0.581667 0.581667
-0.58 0.58
-0.578333 0.578333
-0.576667 0.576667
-0.575 0.575
-0.573333 0.573333
-0.571667 0.571667
-0.57 0.57
-0.568333 0.568333
-0.566667 0.566667
-0.565 0.565
-0.563333 0.563333
-0.561667 0.561667
-0.56 0.56
-0.558333 0.558333
-0.556667 0.556667
-0.555 0.555
-0.553333 0.553333
-0.551667 0.551667
-0.55 0.553333
-0.548333 0.551667
-0.546667 0.55
-0.545 0.548333
-0.543333 0.546667
-0.541667 0.545
-0.54 0.543333
-0.538333 0.541667
-0.536667 0.543333
-0.535 0.545
-0.533333 0.543333
-0.531667 0.541667
-0.53 0.54
-0.528333 0.538333
-0.526667 0.536667
-0.525 0.535
-0.523333 0.533333
-0.521667 0.531667
-0.52 0.53
-0.518333 0.528333
-0.516667 0.526667
-0.515 0.525
-0.513333 0.526667
-0.511667 0.528333
-0.51 0.526667
-0.508333 0.525
-0.506667 0.526667
-0.505 0.525
-0.503333 0.523333
-0.501667 0.525
-0.5 0.523333
-0.498333 0.521667
-0.496667 0.52
-0.495 0.518333
-0.493333 0.516667
-0.491667 0.515
-0.49 0.513333
-0.488333 0.511667
-0.486667 0.51
-0.485 0.508333
-0.483333 0.506667
-0.481667 0.505
-0.48 0.503333
-0.478333 0.501667
-0.476667 0.5
-0.475 0.501667
-0.473333 0.5
-0.471667 0.498333
-0.47 0.496667
-0.468333 0.498333
-0.466667 0.496667
-0.465 0.495
-0.463333 0.496667
-0.461667 0.495
-0.46 0.493333
-0.458333 0.491667
-0.456667 0.49
-0.455 0.488333
-0.453333 0.486667
-0.451667 0.485
-0.45 0.483333
-0.448333 0.481667
-0.446667 0.483333
-0.445 0.481667
-0.443333 0.483333
-0.441667 0.481667
-0.44 0.48
-0.438333 0.478333
-0.436667 0.476667
-0.435 0.475
-0.433333 0.473333
-0.431667 0.471667
-0.43 0.47
-0.428333 0.468333
-0.426667 0.466667
-0.425 0.465
-0.423333 0.463333
-0.421667 0.461667
-0.42 0.46
-0.418333 0.458333
-0.416667 0.456667
-0.415 0.455
-0.413333 0.453333
-0.411667 0.451667
-0.41 0.45
-0.408333 0.448333
-0.406667 0.446667
-0.405 0.448333
-0.403333 0.45
-0.401667 0.448333
-0.4 0.446667
-0.398333 0.445
-0.396667 0.443333
-0.395 0.445
-0.393333 0.443333
-0.391667 0.441667
-0.39 0.44
-0.388333 0.438333
-0.386667 0.44
-0.385 0.438333
-0.383333 0.44
-0.381667 0.438333
-0.38 0.436667
-0.378333 0.435
-0.376667 0.433333
-0.375 0.431667
-0.373333 0.43
-0.371667 0.428333
-0.37 0.43
-0.368333 0.428333
-0.366667 0.43
-0.365 0.428333
-0.363333 0.426667
-0.361667 0.428333
-0.36 0.426667
-0.358333 0.428333
-0.356667 0.426667
-0.355 0.425
-0.353333 0.426667
-0.351667 0.425
-0.35 0.423333
-0.348333 0.421667
-0.346667 0.42
-0.345 0.418333
-0.343333 0.416667
-0.341667 0.415
-0.34 0.413333
-0.338333 0.411667
-0.336667 0.41
-0.335 0.411667
-0.333333 0.41
-0.331667 0.408333
-0.33 0.41
-0.328333 0.408333
-0.326667 0.406667
-0.325 0.405
-0.323333 0.403333
-0.321667 0.401667
-0.32 0.4
-0.318333 0.398333
-0.316667 0.4
-0.315 0.398333
-0.313333 0.396667
-0.311667 0.395
-0.31 0.393333
-0.308333 0.391667
-0.306667 0.39
-0.305 0.388333
-0.303333 0.386667
-0.301667 0.388333
-0.3 0.39
-0.298333 0.388333
-0.296667 0.386667
-0.295 0.385
-0.293333 0.383333
-0.291667 0.381667
-0.29 0.38
-0.288333 0.378333
-0.286667 0.376667
-0.285 0.378333
-0.283333 0.376667
-0.281667 0.378333
-0.28 0.376667
-0.278333 0.375
-0.276667 0.373333
-0.275 0.371667
-0.273333 0.37
-0.271667 0.371667
-0.27 0.37
-0.268333 0.371667
-0.266667 0.373333
-0.265 0.375
-0.263333 0.373333
-0.261667 0.371667
-0.26 0.373333
-0.258333 0.371667
-0.256667 0.37
-0.255 0.368333
-0.253333 0.366667
-0.251667 0.368333
-0.25 0.37
-0.248333 0.371667
-0.246667 0.37
-0.245 0.371667
-0.243333 0.37
-0.241667 0.368333
-0.24 0.366667
-0.238333 0.365
-0.236667 0.363333
-0.235 0.361667
-0.233333 0.36
-0.231667 0.361667
-0.23 0.36
-0.228333 0.361667
-0.226667 0.36
-0.225 0.358333
-0.223333 0.356667
-0.221667 0.358333
-0.22 0.356667
-0.218333 0.355
-0.216667 0.353333
-0.215 0.355
-0.213333 0.353333
-0.211667 0.355
-0.21 0.356667
-0.208333 0.355
-0.206667 0.353333
-0.205 0.351667
-0.203333 0.35
-0.201667 0.348333
-0.2 0.35
-0.198333 0.351667
-0.196667 0.353333
-0.195 0.355
-0.193333 0.353333
-0.191667 0.351667
-0.19 0.353333
-0.188333 0.351667
-0.186667 0.353333
-0.185 0.351667
-0.183333 0.35
-0.181667 0.348333
-0.18 0.346667
-0.178333 0.345
-0.176667 0.343333
-0.175 0.341667
-0.173333 0.343333
-0.171667 0.341667
-0.17 0.343333
-0.168333 0.341667
-0.166667 0.343333
-0.165 0.345
-0.163333 0.343333
-0.161667 0.345
-0.16 0.343333
-0.158333 0.345
-0.156667 0.343333
-0.155 0.345
-0.153333 0.346667
-0.151667 0.345
-0.15 0.343333
-0.148333 0.341667
-0.146667 0.34
-0.145 0.338333
-0.143333 0.336667
-0.141667 0.335
-0.14 0.333333
-0.138333 0.335
-0.136667 0.333333
-0.135 0.331667
-0.133333 0.33
-0.131667 0.328333
-0.13 0.33
-0.128333 0.331667
-0.126667 0.333333
-0.125 0.335
-0.123333 0.333333
-0.121667 0.331667
-0.12 0.33
-0.118333 0.331667
-0.116667 0.333333
-0.115 0.335
-0.113333 0.336667
-0.111667 0.338333
-0.11 0.34
-0.108333 0.341667
-0.106667 0.34
-0.105 0.341667
-0.103333 0.34
-0.101667 0.338333
-0.1 0.336667
-0.0983333 0.335
-0.0966667 0.333333
-0.095 0.335
-0.0933333 0.336667
-0.0916667 0.338333
-0.09 0.34
-0.0883333 0.338333
-0.0866667 0.336667
-0.085 0.338333
-0.0833333 0.336667
-0.0816667 0.335
-0.08 0.333333
-0.0783333 0.335
-0.0766667 0.333333
-0.075 0.331667
-0.0733333 0.33
-0.0716667 0.331667
-0.07 0.333333
-0.0683333 0.331667
-0.0666667 0.33
-0.065 0.328333
-0.0633333 0.326667
-0.0616667 0.328333
-0.06 0.33
-0.0583333 0.328333
-0.0566667 0.33
-0.055 0.328333
-0.0533333 0.326667
-0.0516667 0.325
-0.05 0.323333
-0.0483333 0.321667
-0.0466667 0.323333
-0.045 0.321667
-0.0433333 0.32
-0.0416667 0.318333
-0.04 0.32
-0.0383333 0.318333
-0.0366667 0.316667
-0.035 0.315
-0.0333333 0.313333
-0.0316667 0.311667
-0.03 0.31
-0.0283333 0.308333
-0.0266667 0.31
-0.025 0.308333
-0.0233333 0.306667
-0.0216667 0.308333
-0.02 0.306667
-0.0183333 0.308333
-0.0166667 0.306667
-0.015 0.308333
-0.0133333 0.306667
-0.0116667 0.308333
-0.01 0.306667
-0.00833333 0.308333
-0.00666667 0.31
-0.005 0.308333
-0.00333333 0.31
-0.00166667 0.311667
0 0.31
0.00166667 0.308333
0.00333333 0.31
0.005 0.308333
0.00666667 0.306667
0.00833333 0.308333
0.01 0.31
0.0116667 0.311667
0.0133333 0.31
0.015 0.311667
0.0166667 0.31
0.0183333 0.311667
0.02 0.31
0.0216667 0.308333
0.0233333 0.306667
0.025 0.305
0.0266667 0.303333
0.0283333 0.301667
0.03 0.3
0.0316667 0.301667
0.0333333 0.3
0.035 0.298333
0.0366667 0.3
0.0383333 0.298333
0.04 0.3
0.0416667 0.298333
0.0433333 0.296667
0.045 0.295
0.0466667 0.293333
0.0483333 0.291667
0.05 0.293333
0.0516667 0.291667
0.0533333 0.293333
0.055 0.295
0.0566667 0.296667
0.0583333 0.295
0.06 0.296667
0.0616667 0.298333
0.0633333 0.3
0.065 0.301667
0.0666667 0.303333
0.0683333 0.305
0.07 0.303333
0.0716667 0.305
0.0733333 0.303333
0.075 0.301667
0.0766667 0.303333
0.0783333 0.305
0.08 0.306667
0.0816667 0.308333
0.0833333 0.31
0.085 0.308333
0.0866667 0.31
0.0883333 0.311667
0.09 0.31
0.0916667 0.311667
0.0933333 0.313333
0.095 0.315
0.0966667 0.316667
0.0983333 0.318333
0.1 0.32
0.101667 0.318333
0.103333 0.316667
0.105 0.318333
0.106667 0.32
0.108333 0.318333
0.11 0.32
0.111667 0.321667
0.113333 0.323333
0.115 0.321667
0.116667 0.323333
0.118333 0.321667
0.12 0.32
0.121667 0.318333
0.123333 0.32
0.125 0.318333
0.126667 0.316667
0.128333 0.318333
0.13 0.32
0.131667 0.321667
0.133333 0.323333
0.135 0.321667
0.136667 0.323333
0.138333 0.325
0.14 0.326667
0.141667 0.328333
0.143333 0.33
0.145 0.331667
0.146667 0.33
0.148333 0.331667
0.15 0.333333
0.151667 0.335
0.153333 0.336667
0.155 0.338333
0.156667 0.34
0.158333 0.341667
0.16 0.343333
0.161667 0.345
0.163333 0.343333
0.165 0.341667
0.166667 0.343333
0.168333 0.345
0.17 0.346667
0.171667 0.345
0.173333 0.346667
0.175 0.345
0.176667 0.346667
0.178333 0.348333
0.18 0.35
0.181667 0.348333
0.183333 0.35
0.185 0.351667
0.186667 0.353333
0.188333 0.355
0.19 0.356667
0.191667 0.358333
0.193333 0.36
0.195 0.358333
0.196667 0.36
0.198333 0.358333
0.2 0.36
0.201667 0.358333
0.203333 0.36
0.205 0.361667
0.206667 0.363333
0.208333 0.361667
0.21 0.363333
0.211667 0.365
0.213333 0.366667
0.215 0.365
0.216667 0.366667
0.218333 0.368333
0.22 0.366667
0.221667 0.365
0.223333 0.363333
0.225 0.361667
0.226667 0.36
0.228333 0.358333
0.23 0.36
0.231667 0.361667
0.233333 0.363333
0.235 0.365
0.236667 0.366667
0.238333 0.368333
0.24 0.37
0.241667 0.371667
0.243333 0.373333
0.245 0.375
0.246667 0.376667
0.248333 0.378333
0.25 0.38
0.251667 0.381667
0.253333 0.383333
0.255 0.385
0.256667 0.386667
0.258333 0.385
0.26 0.386667
0.261667 0.388333
0.263333 0.39
0.265 0.391667
0.266667 0.393333
0.268333 0.391667
0.27 0.393333
0.271667 0.395
0.273333 0.396667
0.275 0.395
0.276667 0.393333
0.278333 0.391667
0.28 0.39
0.281667 0.388333
0.283333 0.386667
0.285 0.385
0.286667 0.386667
0.288333 0.388333
0.29 0.386667
0.291667 0.388333
0.293333 0.386667
0.295 0.388333
0.296667 0.386667
0.298333 0.388333
0.3 0.39
0.301667 0.388333
0.303333 0.39
0.305 0.391667
0.306667 0.39
0.308333 0.388333
0.31 0.39
0.311667 0.391667
0.313333 0.39
0.315 0.388333
0.316667 0.39
0.318333 0.391667
0.32 0.393333
0.321667 0.395
0.323333 0.396667
0.325 0.398333
0.326667 0.396667
0.328333 0.398333
0.33 0.4
0.331667 0.401667
0.333333 0.403333
0.335 0.405
0.336667 0.406667
0.338333 0.408333
0.34 0.406667
0.341667 0.408333
0.343333 0.406667
0.345 0.408333
0.346667 0.41
0.348333 0.411667
0.35 0.413333
0.351667 0.415
0.353333 0.413333
0.355 0.415
0.356667 0.416667
0.358333 0.418333
0.36 0.416667
0.361667 0.418333
0.363333 0.42
0.365 0.421667
0.366667 0.423333
0.368333 0.425
0.37 0.426667
0.371667 0.428333
0.373333 0.43
0.375 0.431667
0.376667 0.433333
0.378333 0.435
0.38 0.436667
0.381667 0.438333
0.383333 0.44
0.385 0.441667
0.386667 0.443333
0.388333 0.445
0.39 0.446667
0.391667 0.448333
0.393333 0.45
0.395 0.451667
0.396667 0.453333
0.398333 0.455
0.4 0.456667
0.401667 0.458333
0.403333 0.46
0.405 0.461667
0.406667 0.463333
0.408333 0.465
0.41 0.466667
0.411667 0.468333
0.413333 0.47
0.415 0.471667
0.416667 0.473333
0.418333 0.471667
0.42 0.473333
0.421667 0.471667
0.423333 0.473333
0.425 0.475
0.426667 0.476667
0.428333 0.475
0.43 0.476667
0.431667 0.475
0.433333 0.476667
0.435 0.478333
0.436667 0.48
0.438333 0.481667
0.44 0.483333
0.441667 0.481667
0.443333 0.483333
0.445 0.485
0.446667 0.486667
0.448333 0.488333
0.45 0.486667
0.451667 0.485
0.453333 0.486667
0.455 0.488333
0.456667 0.49
0.458333 0.488333
0.46 0.49
0.461667 0.491667
0.463333 0.493333
0.465 0.491667
0.466667 0.493333
0.468333 0.495
0.47 0.496667
0.471667 0.495
0.473333 0.496667
0.475 0.498333
0.476667 0.5
0.478333 0.501667
0.48 0.503333
0.481667 0.505
0.483333 0.506667
0.485 0.508333
0.486667 0.51
0.488333 0.511667
0.49 0.513333
0.491667 0.515
0.493333 0.516667
0.495 0.518333
0.496667 0.52
0.498333 0.521667
0.5 0.523333
0.501667 0.525
0.503333 0.523333
0.505 0.525
0.506667 0.526667
0.508333 0.528333
0.51 0.53
0.511667 0.531667
0.513333 0.533333
0.515 0.535
0.516667 0.536667
0.518333 0.538333
0.52 0.54
0.521667 0.541667
0.523333 0.543333
0.525 0.545
0.526667 0.546667
0.528333 0.548333
0.53 0.55
0.531667 0.551667
0.533333 0.553333
0.535 0.555
0.536667 0.556667
0.538333 0.558333
0.54 0.56
0.541667 0.558333
0.543333 0.56
0.545 0.561667
0.546667 0.563333
0.548333 0.565
0.55 0.566667
0.551667 0.568333
0.553333 0.57
0.555 0.571667
0.556667 0.573333
0.558333 0.575
0.56 0.576667
0.561667 0.578333
0.563333 0.58
0.565 0.581667
0.566667 0.583333
0.568333 0.585
0.57 0.586667
0.571667 0.588333
0.573333 0.59
0.575 0.591667
0.576667 0.593333
0.578333 0.595
0.58 0.596667
0.581667 0.598333
0.583333 0.6
0.585 0.598333
0.586667 0.596667
0.588333 0.598333
0.59 0.6
0.591667 0.601667
0.593333 0.603333
0.595 0.605
0.596667 0.603333
0.598333 0.605
0.6 0.606667
0.601667 0.608333
0.603333 0.61
0.605 0.611667
0.606667 0.613333
0.608333 0.615
0.61 0.616667
0.611667 0.618333
0.613333 0.62
0.615 0.621667
0.616667 0.623333
0.618333 0.625
0.62 0.626667
0.621667 0.628333
0.623333 0.63
0.625 0.631667
0.626667 0.633333
0.628333 0.635
0.63 0.636667
0.631667 0.638333
0.633333 0.64
0.635 0.641667
0.636667 0.643333
0.638333 0.645
0.64 0.646667
0.641667 0.648333
0.643333 0.65
0.645 0.651667
0.646667 0.653333
0.648333 0.655
0.65 0.656667
0.651667 0.655
0.653333 0.656667
0.655 0.658333
0.656667 0.66
0.658333 0.661667
0.66 0.663333
0.661667 0.665
0.663333 0.666667
0.665 0.668333
0.666667 0.67
0.668333 0.671667
0.67 0.673333
0.671667 0.675
0.673333 0.676667
0.675 0.678333
0.676667 0.68
0.678333 0.681667
0.68 0.683333
0.681667 0.685
0.683333 0.686667
0.685 0.688333
0.686667 0.69
0.688333 0.691667
0.69 0.693333
0.691667 0.695
0.693333 0.696667
0.695 0.698333
0.696667 0.7
0.698333 0.701667
0.7 0.703333
0.701667 0.705
0.703333 0.706667
0.705 0.708333
0.706667 0.71
0.708333 0.711667
0.71 0.713333
0.711667 0.715
0.713333 0.716667
0.715 0.718333
0.716667 0.72
0.718333 0.721667
0.72 0.723333
0.721667 0.725
0.723333 0.726667
0.725 0.728333
0.726667 0.73
0.728333 0.731667
0.73 0.733333
0.731667 0.735
0.733333 0.736667
0.735 0.738333
0.736667 0.74
0.738333 0.741667
0.74 0.743333
0.741667 0.745
0.743333 0.746667
0.745 0.748333
0.746667 0.75
0.748333 0.751667
0.75 0.753333
0.751667 0.755
0.753333 0.756667
0.755 0.758333
0.756667 0.76
0.758333 0.761667
0.76 0.763333
0.761667 0.765
0.763333 0.766667
0.765 0.768333
0.766667 0.77
0.768333 0.771667
0.77 0.773333
0.771667 0.775
0.773333 0.776667
0.775 0.778333
0.776667 0.78
0.778333 0.781667
0.78 0.783333
0.781667 0.785
0.783333 0.786667
0.785 0.788333
0.786667 0.79
0.788333 0.791667
0.79 0.793333
0.791667 0.795
0.793333 0.796667
0.795 0.798333
0.796667 0.8
0.798333 0.801667
0.8 0.803333
0.801667 0.805
0.803333 0.806667
0.805 0.808333
0.806667 0.81
0.808333 0.811667
0.81 0.813333
0.811667 0.815
0.813333 0.816667
0.815 0.818333
0.816667 0.82
0.818333 0.821667
0.82 0.823333
0.821667 0.825
0.823333 0.826667
0.825 0.828333
0.826667 0.83
0.828333 0.831667
0.83 0.833333
0.831667 0.835
0.833333 0.836667
0.835 0.838333
0.836667 0.84
0.838333 0.841667
0.84 0.843333
0.841667 0.845
0.843333 0.846667
0.845 0.848333
0.846667 0.85
0.848333 0.851667
0.85 0.853333
0.851667 0.855
0.853333 0.856667
0.855 0.858333
0.856667 0.86
0.858333 0.861667
0.86 0.863333
0.861667 0.865
0.863333 0.866667
0.865 0.868333
0.866667 0.87
0.868333 0.871667
0.87 0.873333
0.871667 0.871667
0.873333 0.873333
0.875 0.875
0.876667 0.876667
0.878333 0.878333
0.88 0.88
0.881667 0.881667
0.883333 0.883333
0.885 0.885
0.886667 0.886667
0.888333 0.888333
0.89 0.89
0.891667 0.891667
0.893333 0.893333
0.895 0.895
0.896667 0.896667
0.898333 0.898333
0.9 0.9
0.901667 0.901667
0.903333 0.903333
0.905 0.905
0.906667 0.906667
0.908333 0.908333
0.91 0.91
0.911667 0.911667
0.913333 0.913333
0.915 0.915
0.916667 0.916667
0.918333 0.918333
0.92 0.92
0.921667 0.921667
0.923333 0.923333
0.925 0.925
0.926667 0.926667
0.928333 0.928333
0.93 0.93
0.931667 0.931667
0.933333 0.933333
0.935 0.935
0.936667 0.936667
0.938333 0.938333
0.94 0.94
0.941667 0.941667
0.943333 0.943333
0.945 0.945
0.946667 0.946667
0.948333 0.948333
0.95 0.95
0.951667 0.951667
0.953333 0.953333
0.955 0.955
0.956667 0.956667
0.958333 0.958333
0.96 0.96
0.961667 0.961667
0.963333 0.963333
0.965 0.965
0.966667 0.966667
0.968333 0.968333
0.97 0.97
0.971667 0.971667
0.973333 0.973333
0.975 0.975
0.976667 0.976667
0.978333 0.978333
0.98 0.98
0.981667 0.981667
0.983333 0.983333
0.985 0.985
0.986667 0.986667
0.988333 0.988333
0.99 0.99
0.991667 0.991667
0.993333 0.993333
0.995 0.995
0.996667 0.996667
0.998333 0.998333
1 1
1.00167 1.00167
1.00333 1.00333
1.005 1.005
1.00667 1.00667
1.00833 1.00833
1.01 1.01
1.01167 1.01167
1.01333 1.01333
1.015 1.015
1.01667 1.01667
1.01833 1.01833
1.02 1.02
1.02167 1.02167
1.02333 1.02333
1.025 1.025
1.02667 1.02667
1.02833 1.02833
1.03 1.03
1.03167 1.03167
1.03333 1.03333
1.035 1.035
1.03667 1.03667
1.03833 1.03833
1.04 1.04
1.04167 1.04167
1.04333 1.04333
1.045 1.045
1.04667 1.04667
1.04833 1.04833
1.05 1.05
1.05167 1.05167
1.05333 1.05333
1.055 1.055
1.05667 1.05667
1.05833 1.05833
1.06 1.06
1.06167 1.06167
1.06333 1.06333
1.065 1.065
1.06667 1.06667
1.06833 1.06833
1.07 1.07
1.07167 1.07167
1.07333 1.07333
1.075 1.075
1.07667 1.07667
1.07833 1.07833
1.08 1.08
1.08167 1.08167
1.08333 1.08333
1.085 1.085
1.08667 1.08667
1.08833 1.08833
1.09 1.09
1.09167 1.09167
1.09333 1.09333
1.095 1.095
1.09667 1.09667
1.09833 1.09833
1.1 1.1
1.10167 1.10167
1.10333 1.10333
1.105 1.105
1.10667 1.10667
1.10833 1.10833
1.11 1.11
1.11167 1.11167
1.11333 1.11333
1.115 1.115
1.11667 1.11667
1.11833 1.11833
1.12 1.12
1.12167 1.12167
1.12333 1.12333
1.125 1.125
1.12667 1.12667
1.12833 1.12833
1.13 1.13
1.13167 1.13167
1.13333 1.13333
1.135 1.135
1.13667 1.13667
1.13833 1.13833
1.14 1.14
1.14167 1.14167
1.14333 1.14333
1.145 1.145
1.14667 1.14667
1.14833 1.14833
1.15 1.15
1.15167 1.15167
1.15333 1.15333
1.155 1.155
1.15667 1.15667
1.15833 1.15833
1.16 1.16
1.16167 1.16167
1.16333 1.16333
1.165 1.165
1.16667 1.16667
1.16833 1.16833
1.17 1.17
1.17167 1.17167
1.17333 1.17333
1.175 1.175
1.17667 1.17667
1.17833 1.17833
1.18 1.18
1.18167 1.18167
1.18333 1.18333
1.185 1.185
1.18667 1.18667
1.18833 1.18833
1.19 1.19
1.19167 1.19167
1.19333 1.19333
1.195 1.195
1.19667 1.19667
1.19833 1.19833
1.2 1.2
1.20167 1.20167
1.20333 1.20333
1.205 1.205
1.20667 1.20667
1.20833 1.20833
1.21 1.21
1.21167 1.21167
1.21333 1.21333
1.215 1.215
1.21667 1.21667
1.21833 1.21833
1.22 1.22
1.22167 1.22167
1.22333 1.22333
1.225 1.225
1.22667 1.22667
1.22833 1.22833
1.23 1.23
1.23167 1.23167
1.23333 1.23333
1.235 1.235
1.23667 1.23667
1.23833 1.23833
1.24 1.24
1.24167 1.24167
1.24333 1.24333
1.245 1.245
1.24667 1.24667
1.24833 1.24833
1.25 1.25
1.25167 1.25167
1.25333 1.25333
1.255 1.255
1.25667 1.25667
1.25833 1.25833
1.26 1.26
1.26167 1.26167
1.26333 1.26333
1.265 1.265
1.26667 1.26667
1.26833 1.26833
1.27 1.27
1.27167 1.27167
1.27333 1.27333
1.275 1.275
1.27667 1.27667
1.27833 1.27833
1.28 1.28
1.28167 1.28167
1.28333 1.28333
1.285 1.285
1.28667 1.28667
1.28833 1.28833
1.29 1.29
1.29167 1.29167
1.29333 1.29333
1.295 1.295
1.29667 1.29667
1.29833 1.29833
1.3 1.3
1.30167 1.30167
1.30333 1.30333
1.305 1.305
1.30667 1.30667
1.30833 1.30833
1.31 1.31
1.31167 1.31167
1.31333 1.31333
1.315 1.315
1.31667 1.31667
1.31833 1.31833
1.32 1.32
1.32167 1.32167
1.32333 1.32333
1.325 1.325
1.32667 1.32667
1.32833 1.32833
1.33 1.33
1.33167 1.33167
1.33333 1.33333
1.335 1.335
1.33667 1.33667
1.33833 1.33833
1.34 1.34
1.34167 1.34167
1.34333 1.34333
1.345 1.345
1.34667 1.34667
1.34833 1.34833
1.35 1.35
1.35167 1.35167
1.35333 1.35333
1.355 1.355
1.35667 1.35667
1.35833 1.35833
1.36 1.36
1.36167 1.36167
1.36333 1.36333
1.365 1.365
1.36667 1.36667
1.36833 1.36833
1.37 1.37
1.37167 1.37167
1.37333 1.37333
1.375 1.375
1.37667 1.37667
1.37833 1.37833
1.38 1.38
1.38167 1.38167
1.38333 1.38333
1.385 1.385
1.38667 1.38667
1.38833 1.38833
1.39 1.39
1.39167 1.39167
1.39333 1.39333
1.395 1.395
1.39667 1.39667
1.39833 1.39833
1.4 1.4
1.40167 1.40167
1.40333 1.40333
1.405 1.405
1.40667 1.40667
1.40833 1.40833
1.41 1.41
1.41167 1.41167
1.41333 1.41333
1.415 1.415
1.41667 1.41667
1.41833 1.41833
1.42 1.42
1.42167 1.42167
1.42333 1.42333
1.425 1.425
1.42667 1.42667
1.42833 1.42833
1.43 1.43
1.43167 1.43167
1.43333 1.43333
1.435 1.435
1.43667 1.43667
1.43833 1.43833
1.44 1.44
1.44167 1.44167
1.44333 1.44333
1.445 1.445
1.44667 1.44667
1.44833 1.44833
1.45 1.45
1.45167 1.45167
1.45333 1.45333
1.455 1.455
1.45667 1.45667
1.45833 1.45833
1.46 1.46
1.46167 1.46167
1.46333 1.46333
1.465 1.465
1.46667 1.46667
1.46833 1.46833
1.47 1.47
1.47167 1.47167
1.47333 1.47333
1.475 1.475
1.47667 1.47667
1.47833 1.47833
1.48 1.48
1.48167 1.48167
1.48333 1.48333
1.485 1.485
1.48667 1.48667
1.48833 1.48833
1.49 1.49
1.49167 1.49167
1.49333 1.49333
1.495 1.495
1.49667 1.49667
1.49833 1.49833
1.5 1.5
1.50167 1.50167
1.50333 1.50333
1.505 1.505
1.50667 1.50667
1.50833 1.50833
1.51 1.51
1.51167 1.51167
1.51333 1.51333
1.515 1.515
1.51667 1.51667
1.51833 1.51833
1.52 1.52
1.52167 1.52167
1.52333 1.52333
1.525 1.525
1.52667 1.52667
1.52833 1.52833
1.53 1.53
1.53167 1.53167
1.53333 1.53333
1.535 1.535
1.53667 1.53667
1.53833 1.53833
1.54 1.54
1.54167 1.54167
1.54333 1.54333
1.545 1.545
1.54667 1.54667
1.54833 1.54833
1.55 1.55
1.55167 1.55167
1.55333 1.55333
1.555 1.555
1.55667 1.55667
1.55833 1.55833
1.56 1.56
1.56167 1.56167
1.56333 1.56333
1.565 1.565
1.56667 1.56667
1.56833 1.56833
1.57 1.57
1.57167 1.57167
1.57333 1.57333
1.575 1.575
1.57667 1.57667
1.57833 1.57833
1.58 1.58
1.58167 1.58167
1.58333 1.58333
1.585 1.585
1.58667 1.58667
1.58833 1.58833
1.59 1.59
1.59167 1.59167
1.59333 1.59333
1.595 1.595
1.59667 1.59667
1.59833 1.59833
1.6 1.6
1.60167 1.60167
1.60333 1.60333
1.605 1.605
1.60667 1.60667
1.60833 1.60833
1.61 1.61
1.61167 1.61167
1.61333 1.61333
1.615 1.615
1.61667 1.61667
1.61833 1.61833
1.62 1.62
1.62167 1.62167
1.62333 1.62333
1.625 1.625
1.62667 1.62667
1.62833 1.62833
1.63 1.63
1.63167 1.63167
1.63333 1.63333
1.635 1.635
1.63667 1.63667
1.63833 1.63833
1.64 1.64
1.64167 1.64167
1.64333 1.64333
1.645 1.645
1.64667 1.64667
1.64833 1.64833
1.65 1.65
1.65167 1.65167
1.65333 1.65333
1.655 1.655
1.65667 1.65667
1.65833 1.65833
1.66 1.66
1.66167 1.66167
1.66333 1.66333
1.665 1.665
