-0.588235 0.588235
-0.587647 0.588824
-0.587059 0.589412
-0.586471 0.59
-0.585882 0.590588
-0.585294 0.59
-0.584706 0.589412
-0.584118 0.588824
-0.583529 0.588235
-0.582941 0.587647
-0.582353 0.587059
-0.581765 0.586471
-0.581176 0.585882
-0.580588 0.585294
-0.58 0.584706
-0.579412 0.584118
-0.578824 0.583529
-0.578235 0.582941
-0.577647 0.583529
-0.577059 0.582941
-0.576471 0.582353
-0.575882 0.581765
-0.575294 0.581176
-0.574706 0.580588
-0.574118 0.581176
-0.573529 0.580588
-0.572941 0.58
-0.572353 0.579412
-0.571765 0.578824
-0.571176 0.578235
-0.570588 0.577647
-0.57 0.577059
-0.569412 0.576471
-0.568824 0.575882
-0.568235 0.575294
-0.567647 0.574706
-0.567059 0.574118
-0.566471 0.574706
-0.565882 0.574118
-0.565294 0.573529
-0.564706 0.572941
-0.564118 0.573529
-0.563529 0.572941
-0.562941 0.573529
-0.562353 0.572941
-0.561765 0.572353
-0.561176 0.571765
-0.560588 0.571176
-0.56 0.570588
-0.559412 0.57
-0.558824 0.569412
-0.558235 0.568824
-0.557647 0.568235
-0.557059 0.567647
-0.556471 0.567059
-0.555882 0.567647
-0.555294 0.567059
-0.554706 0.566471
-0.554118 0.565882
-0.553529 0.565294
-0.552941 0.564706
-0.552353 0.564118
-0.551765 0.563529
-0.551176 0.562941
-0.550588 0.562353
-0.55 0.561765
-0.549412 0.561176
-0.548824 0.560588
-0.548235 0.56
-0.547647 0.559412
-0.547059 0.558824
-0.546471 0.558235
-0.545882 0.558824
-0.545294 0.559412
-0.544706 0.558824
-0.544118 0.558235
-0.543529 0.557647
-0.542941 0.557059
-0.542353 0.556471
-0.541765 0.555882
-0.541176 0.555294
-0.540588 0.554706
-0.54 0.554118
-0.539412 0.553529
-0.538824 0.552941
-0.538235 0.552353
-0.537647 0.551765
-0.537059 0.551176
-0.536471 0.550588
-0.535882 0.55
-0.535294 0.549412
-0.534706 0.548824
-0.534118 0.549412
-0.533529 0.548824
-0.532941 0.548235
-0.532353 0.547647
-0.531765 0.547059
-0.531176 0.546471
-0.530588 0.545882
-0.53 0.545294
-0.529412 0.544706
-0.528824 0.544118
-0.528235 0.543529
-0.527647 0.542941
-0.527059 0.542353
-0.526471 0.541765
-0.525882 0.541176
-0.525294 0.541765
-0.524706 0.541176
-0.524118 0.540588
-0.523529 0.54
-0.522941 0.539412
-0.522353 0.538824
-0.521765 0.538235
-0.521176 0.537647
-0.520588 0.537059
-0.52 0.536471
-0.519412 0.537059
-0.518824 0.536471
-0.518235 0.535882
-0.517647 0.535294
-0.517059 0.534706
-0.516471 0.534118
-0.515882 0.533529
-0.515294 0.532941
-0.514706 0.532353
-0.514118 0.531765
-0.513529 0.531176
-0.512941 0.530588
-0.512353 0.53
-0.511765 0.529412
-0.511176 0.528824
-0.510588 0.528235
-0.51 0.527647
-0.509412 0.527059
-0.508824 0.526471
-0.508235 0.525882
-0.507647 0.525294
-0.507059 0.525882
-0.506471 0.525294
-0.505882 0.524706
-0.505294 0.524118
-0.504706 0.523529
-0.504118 0.522941
-0.503529 0.522353
-0.502941 0.521765
-0.502353 0.522353
-0.501765 0.521765
-0.501176 0.521176
-0.500588 0.520588
-0.5 0.52
-0.499412 0.519412
-0.498824 0.52
-0.498235 0.519412
-0.497647 0.518824
-0.497059 0.518235
-0.496471 0.517647
-0.495882 0.517059
-0.495294 0.516471
-0.494706 0.515882
-0.494118 0.515294
-0.493529 0.514706
-0.492941 0.514118
-0.492353 0.513529
-0.491765 0.512941
-0.491176 0.512353
-0.490588 0.511765
-0.49 0.511176
-0.489412 0.510588
-0.488824 0.51
-0.488235 0.509412
-0.487647 0.508824
-0.487059 0.508235
-0.486471 0.507647
-0.485882 0.507059
-0.485294 0.506471
-0.484706 0.505882
-0.484118 0.505294
-0.483529 0.504706
-0.482941 0.504118
-0.482353 0.503529
-0.481765 0.502941
-0.481176 0.502353
-0.480588 0.501765
-0.48 0.501176
-0.479412 0.500588
-0.478824 0.5
-0.478235 0.500588
-0.477647 0.5
-0.477059 0.499412
-0.476471 0.498824
-0.475882 0.499412
-0.475294 0.5
-0.474706 0.499412
-0.474118 0.498824
-0.473529 0.498235
-0.472941 0.497647
-0.472353 0.497059
-0.471765 0.496471
-0.471176 0.495882
-0.470588 0.495294
-0.47 0.494706
-0.469412 0.494118
-0.468824 0.493529
-0.468235 0.492941
-0.467647 0.493529
-0.467059 0.492941
-0.466471 0.492353
-0.465882 0.491765
-0.465294 0.491176
-0.464706 0.490588
-0.464118 0.491176
-0.463529 0.490588
-0.462941 0.49
-0.462353 0.489412
-0.461765 0.488824
-0.461176 0.488235
-0.460588 0.487647
-0.46 0.487059
-0.459412 0.486471
-0.458824 0.485882
-0.458235 0.485294
-0.457647 0.484706
-0.457059 0.484118
-0.456471 0.483529
-0.455882 0.482941
-0.455294 0.482353
-0.454706 0.481765
-0.454118 0.481176
-0.453529 0.480588
-0.452941 0.48
-0.452353 0.479412
-0.451765 0.478824
-0.451176 0.478235
-0.450588 0.477647
-0.45 0.477059
-0.449412 0.476471
-0.448824 0.475882
-0.448235 0.475294
-0.447647 0.475882
-0.447059 0.475294
-0.446471 0.474706
-0.445882 0.474118
-0.445294 0.474706
-0.444706 0.474118
-0.444118 0.473529
-0.443529 0.472941
-0.442941 0.472353
-0.442353 0.471765
-0.441765 0.471176
-0.441176 0.471765
-0.440588 0.471176
-0.44 0.471765
-0.439412 0.471176
-0.438824 0.470588
-0.438235 0.47
-0.437647 0.469412
-0.437059 0.47
-0.436471 0.469412
-0.435882 0.468824
-0.435294 0.468235
-0.434706 0.467647
-0.434118 0.467059
-0.433529 0.467647
-0.432941 0.467059
-0.432353 0.466471
-0.431765 0.465882
-0.431176 0.466471
-0.430588 0.465882
-0.43 0.465294
-0.429412 0.464706
-0.428824 0.464118
-0.428235 0.463529
-0.427647 0.462941
-0.427059 0.462353
-0.426471 0.461765
-0.425882 0.461176
-0.425294 0.460588
-0.424706 0.46
-0.424118 0.459412
-0.423529 0.46
-0.422941 0.459412
-0.422353 0.458824
-0.421765 0.458235
-0.421176 0.457647
-0.420588 0.457059
-0.42 0.456471
-0.419412 0.455882
-0.418824 0.455294
-0.418235 0.454706
-0.417647 0.454118
-0.417059 0.453529
-0.416471 0.452941
-0.415882 0.452353
-0.415294 0.451765
-0.414706 0.451176
-0.414118 0.450588
-0.413529 0.45
-0.412941 0.449412
-0.412353 0.448824
-0.411765 0.449412
-0.411176 0.45
-0.410588 0.449412
-0.41 0.448824
-0.409412 0.448235
-0.408824 0.447647
-0.408235 0.447059
-0.407647 0.446471
-0.407059 0.447059
-0.406471 0.446471
-0.405882 0.445882
-0.405294 0.445294
-0.404706 0.444706
-0.404118 0.444118
-0.403529 0.443529
-0.402941 0.442941
-0.402353 0.442353
-0.401765 0.441765
-0.401176 0.441176
-0.400588 0.440588
-0.4 0.441176
-0.399412 0.440588
-0.398824 0.44
-0.398235 0.439412
-0.397647 0.438824
-0.397059 0.438235
-0.396471 0.438824
-0.395882 0.438235
-0.395294 0.437647
-0.394706 0.438235
-0.394118 0.437647
-0.393529 0.437059
-0.392941 0.436471
-0.392353 0.435882
-0.391765 0.436471
-0.391176 0.435882
-0.390588 0.435294
-0.39 0.435882
-0.389412 0.435294
-0.388824 0.434706
-0.388235 0.434118
-0.387647 0.433529
-0.387059 0.432941
-0.386471 0.432353
-0.385882 0.431765
-0.385294 0.431176
-0.384706 0.430588
-0.384118 0.43
-0.383529 0.429412
-0.382941 0.428824
-0.382353 0.429412
-0.381765 0.428824
-0.381176 0.428235
-0.380588 0.427647
-0.38 0.427059
-0.379412 0.426471
-0.378824 0.425882
-0.378235 0.425294
-0.377647 0.424706
-0.377059 0.424118
-0.376471 0.423529
-0.375882 0.422941
-0.375294 0.422353
-0.374706 0.421765
-0.374118 0.421176
-0.373529 0.420588
-0.372941 0.42
-0.372353 0.419412
-0.371765 0.418824
-0.371176 0.418235
-0.370588 0.418824
-0.37 0.419412
-0.369412 0.42
-0.368824 0.419412
-0.368235 0.418824
-0.367647 0.418235
-0.367059 0.417647
-0.366471 0.418235
-0.365882 0.418824
-0.365294 0.418235
-0.364706 0.417647
-0.364118 0.417059
-0.363529 0.416471
-0.362941 0.415882
-0.362353 0.415294
-0.361765 0.414706
-0.361176 0.415294
-0.360588 0.415882
-0.36 0.415294
-0.359412 0.415882
-0.358824 0.416471
-0.358235 0.415882
-0.357647 0.415294
-0.357059 0.415882
-0.356471 0.415294
-0.355882 0.414706
-0.355294 0.415294
-0.354706 0.414706
-0.354118 0.414118
-0.353529 0.413529
-0.352941 0.412941
-0.352353 0.412353
-0.351765 0.412941
-0.351176 0.412353
-0.350588 0.412941
-0.35 0.412353
-0.349412 0.412941
-0.348824 0.412353
-0.348235 0.412941
-0.347647 0.412353
-0.347059 0.411765
-0.346471 0.412353
-0.345882 0.412941
-0.345294 0.413529
-0.344706 0.412941
-0.344118 0.412353
-0.343529 0.412941
-0.342941 0.412353
-0.342353 0.411765
-0.341765 0.411176
-0.341176 0.410588
-0.340588 0.41
-0.34 0.409412
-0.339412 0.408824
-0.338824 0.408235
-0.338235 0.407647
-0.337647 0.407059
-0.337059 0.406471
-0.336471 0.405882
-0.335882 0.405294
-0.335294 0.405882
-0.334706 0.405294
-0.334118 0.404706
-0.333529 0.404118
-0.332941 0.403529
-0.332353 0.402941
-0.331765 0.402353
-0.331176 0.401765
-0.330588 0.401176
-0.33 0.400588
-0.329412 0.4
-0.328824 0.399412
-0.328235 0.398824
-0.327647 0.399412
-0.327059 0.398824
-0.326471 0.398235
-0.325882 0.397647
-0.325294 0.397059
-0.324706 0.396471
-0.324118 0.395882
-0.323529 0.395294
-0.322941 0.394706
-0.322353 0.394118
-0.321765 0.393529
-0.321176 0.394118
-0.320588 0.393529
-0.32 0.394118
-0.319412 0.393529
-0.318824 0.394118
-0.318235 0.393529
-0.317647 0.392941
-0.317059 0.393529
-0.316471 0.394118
-0.315882 0.394706
-0.315294 0.394118
-0.314706 0.393529
-0.314118 0.392941
-0.313529 0.392353
-0.312941 0.391765
-0.312353 0.391176
-0.311765 0.390588
-0.311176 0.39
-0.310588 0.389412
-0.31 0.388824
-0.309412 0.388235
-0.308824 0.387647
-0.308235 0.388235
-0.307647 0.387647
-0.307059 0.387059
-0.306471 0.386471
-0.305882 0.387059
-0.305294 0.386471
-0.304706 0.385882
-0.304118 0.385294
-0.303529 0.385882
-0.302941 0.386471
-0.302353 0.385882
-0.301765 0.385294
-0.301176 0.384706
-0.300588 0.384118
-0.3 0.383529
-0.299412 0.382941
-0.298824 0.382353
-0.298235 0.382941
-0.297647 0.382353
-0.297059 0.381765
-0.296471 0.382353
-0.295882 0.382941
-0.295294 0.382353
-0.294706 0.381765
-0.294118 0.381176
-0.293529 0.380588
-0.292941 0.38
-0.292353 0.379412
-0.291765 0.378824
-0.291176 0.379412
-0.290588 0.38
-0.29 0.380588
-0.289412 0.381176
-0.288824 0.380588
-0.288235 0.38
-0.287647 0.380588
-0.287059 0.38
-0.286471 0.380588
-0.285882 0.38
-0.285294 0.380588
-0.284706 0.38
-0.284118 0.379412
-0.283529 0.38
-0.282941 0.379412
-0.282353 0.378824
-0.281765 0.378235
-0.281176 0.378824
-0.280588 0.378235
-0.28 0.377647
-0.279412 0.377059
-0.278824 0.377647
-0.278235 0.377059
-0.277647 0.376471
-0.277059 0.375882
-0.276471 0.375294
-0.275882 0.375882
-0.275294 0.375294
-0.274706 0.374706
-0.274118 0.374118
-0.273529 0.374706
-0.272941 0.374118
-0.272353 0.373529
-0.271765 0.372941
-0.271176 0.372353
-0.270588 0.371765
-0.27 0.371176
-0.269412 0.370588
-0.268824 0.37
-0.268235 0.369412
-0.267647 0.368824
-0.267059 0.369412
-0.266471 0.37
-0.265882 0.370588
-0.265294 0.371176
-0.264706 0.370588
-0.264118 0.37
-0.263529 0.369412
-0.262941 0.37
-0.262353 0.370588
-0.261765 0.37
-0.261176 0.369412
-0.260588 0.368824
-0.26 0.369412
-0.259412 0.37
-0.258824 0.369412
-0.258235 0.368824
-0.257647 0.368235
-0.257059 0.367647
-0.256471 0.367059
-0.255882 0.366471
-0.255294 0.365882
-0.254706 0.365294
-0.254118 0.364706
-0.253529 0.365294
-0.252941 0.364706
-0.252353 0.365294
-0.251765 0.365882
-0.251176 0.366471
-0.250588 0.367059
-0.25 0.366471
-0.249412 0.365882
-0.248824 0.365294
-0.248235 0.364706
-0.247647 0.364118
-0.247059 0.363529
-0.246471 0.362941
-0.245882 0.363529
-0.245294 0.362941
-0.244706 0.362353
-0.244118 0.361765
-0.243529 0.361176
-0.242941 0.360588
-0.242353 0.36
-0.241765 0.359412
-0.241176 0.358824
-0.240588 0.358235
-0.24 0.357647
-0.239412 0.357059
-0.238824 0.356471
-0.238235 0.355882
-0.237647 0.355294
-0.237059 0.354706
-0.236471 0.354118
-0.235882 0.353529
-0.235294 0.354118
-0.234706 0.353529
-0.234118 0.354118
-0.233529 0.354706
-0.232941 0.354118
-0.232353 0.353529
-0.231765 0.354118
-0.231176 0.353529
-0.230588 0.352941
-0.23 0.353529
-0.229412 0.352941
-0.228824 0.352353
-0.228235 0.351765
-0.227647 0.352353
-0.227059 0.351765
-0.226471 0.351176
-0.225882 0.351765
-0.225294 0.351176
-0.224706 0.351765
-0.224118 0.351176
-0.223529 0.350588
-0.222941 0.35
-0.222353 0.349412
-0.221765 0.348824
-0.221176 0.348235
-0.220588 0.347647
-0.22 0.348235
-0.219412 0.347647
-0.218824 0.347059
-0.218235 0.346471
-0.217647 0.345882
-0.217059 0.345294
-0.216471 0.344706
-0.215882 0.345294
-0.215294 0.345882
-0.214706 0.346471
-0.214118 0.345882
-0.213529 0.346471
-0.212941 0.345882
-0.212353 0.345294
-0.211765 0.345882
-0.211176 0.346471
-0.210588 0.345882
-0.21 0.345294
-0.209412 0.345882
-0.208824 0.345294
-0.208235 0.345882
-0.207647 0.346471
-0.207059 0.347059
-0.206471 0.347647
-0.205882 0.347059
-0.205294 0.346471
-0.204706 0.345882
-0.204118 0.345294
-0.203529 0.344706
-0.202941 0.344118
-0.202353 0.344706
-0.201765 0.345294
-0.201176 0.345882
-0.200588 0.345294
-0.2 0.344706
-0.199412 0.344118
-0.198824 0.343529
-0.198235 0.342941
-0.197647 0.342353
-0.197059 0.341765
-0.196471 0.341176
-0.195882 0.340588
-0.195294 0.34
-0.194706 0.340588
-0.194118 0.341176
-0.193529 0.340588
-0.192941 0.34
-0.192353 0.340588
-0.191765 0.34
-0.191176 0.339412
-0.190588 0.338824
-0.19 0.338235
-0.189412 0.338824
-0.188824 0.338235
-0.188235 0.338824
-0.187647 0.338235
-0.187059 0.338824
-0.186471 0.339412
-0.185882 0.338824
-0.185294 0.339412
-0.184706 0.338824
-0.184118 0.339412
-0.183529 0.34
-0.182941 0.340588
-0.182353 0.341176
-0.181765 0.340588
-0.181176 0.34
-0.180588 0.339412
-0.18 0.338824
-0.179412 0.339412
-0.178824 0.338824
-0.178235 0.338235
-0.177647 0.337647
-0.177059 0.337059
-0.176471 0.336471
-0.175882 0.337059
-0.175294 0.336471
-0.174706 0.337059
-0.174118 0.336471
-0.173529 0.335882
-0.172941 0.336471
-0.172353 0.335882
-0.171765 0.336471
-0.171176 0.335882
-0.170588 0.335294
-0.17 0.334706
-0.169412 0.334118
-0.168824 0.333529
-0.168235 0.332941
-0.167647 0.332353
-0.167059 0.331765
-0.166471 0.332353
-0.165882 0.331765
-0.165294 0.331176
-0.164706 0.331765
-0.164118 0.332353
-0.163529 0.331765
-0.162941 0.331176
-0.162353 0.330588
-0.161765 0.33
-0.161176 0.329412
-0.160588 0.328824
-0.16 0.328235
-0.159412 0.327647
-0.158824 0.327059
-0.158235 0.326471
-0.157647 0.325882
-0.157059 0.325294
-0.156471 0.324706
-0.155882 0.324118
-0.155294 0.323529
-0.154706 0.322941
-0.154118 0.322353
-0.153529 0.322941
-0.152941 0.323529
-0.152353 0.324118
-0.151765 0.324706
-0.151176 0.325294
-0.150588 0.324706
-0.15 0.325294
-0.149412 0.325882
-0.148824 0.325294
-0.148235 0.324706
-0.147647 0.325294
-0.147059 0.324706
-0.146471 0.325294
-0.145882 0.324706
-0.145294 0.325294
-0.144706 0.324706
-0.144118 0.324118
-0.143529 0.323529
-0.142941 0.322941
-0.142353 0.323529
-0.141765 0.322941
-0.141176 0.322353
-0.140588 0.321765
-0.14 0.322353
-0.139412 0.321765
-0.138824 0.321176
-0.138235 0.320588
-0.137647 0.32
-0.137059 0.320588
-0.136471 0.321176
-0.135882 0.320588
-0.135294 0.321176
-0.134706 0.321765
-0.134118 0.321176
-0.133529 0.320588
-0.132941 0.32
-0.132353 0.319412
-0.131765 0.318824
-0.131176 0.319412
-0.130588 0.318824
-0.13 0.318235
-0.129412 0.317647
-0.128824 0.318235
-0.128235 0.317647
-0.127647 0.318235
-0.127059 0.317647
-0.126471 0.317059
-0.125882 0.316471
-0.125294 0.315882
-0.124706 0.315294
-0.124118 0.315882
-0.123529 0.316471
-0.122941 0.315882
-0.122353 0.315294
-0.121765 0.314706
-0.121176 0.315294
-0.120588 0.314706
-0.12 0.315294
-0.119412 0.315882
-0.118824 0.316471
-0.118235 0.315882
-0.117647 0.315294
-0.117059 0.314706
-0.116471 0.315294
-0.115882 0.315882
-0.115294 0.316471
-0.114706 0.315882
-0.114118 0.315294
-0.113529 0.314706
-0.112941 0.314118
-0.112353 0.314706
-0.111765 0.315294
-0.111176 0.314706
-0.110588 0.314118
-0.11 0.313529
-0.109412 0.312941
-0.108824 0.313529
-0.108235 0.314118
-0.107647 0.313529
-0.107059 0.312941
-0.106471 0.312353
-0.105882 0.311765
-0.105294 0.311176
-0.104706 0.310588
-0.104118 0.31
-0.103529 0.309412
-0.102941 0.308824
-0.102353 0.308235
-0.101765 0.308824
-0.101176 0.308235
-0.100588 0.307647
-0.1 0.307059
-0.0994118 0.307647
-0.0988235 0.307059
-0.0982353 0.307647
-0.0976471 0.307059
-0.0970588 0.307647
-0.0964706 0.308235
-0.0958824 0.307647
-0.0952941 0.308235
-0.0947059 0.307647
-0.0941176 0.308235
-0.0935294 0.308824
-0.0929412 0.308235
-0.0923529 0.307647
-0.0917647 0.308235
-0.0911765 0.308824
-0.0905882 0.309412
-0.09 0.308824
-0.0894118 0.308235
-0.0888235 0.307647
-0.0882353 0.307059
-0.0876471 0.306471
-0.0870588 0.305882
-0.0864706 0.305294
-0.0858824 0.305882
-0.0852941 0.305294
-0.0847059 0.305882
-0.0841176 0.305294
-0.0835294 0.304706
-0.0829412 0.305294
-0.0823529 0.305882
-0.0817647 0.305294
-0.0811765 0.304706
-0.0805882 0.304118
-0.08 0.304706
-0.0794118 0.304118
-0.0788235 0.304706
-0.0782353 0.305294
-0.0776471 0.304706
-0.0770588 0.304118
-0.0764706 0.304706
-0.0758824 0.304118
-0.0752941 0.303529
-0.0747059 0.302941
-0.0741176 0.303529
-0.0735294 0.302941
-0.0729412 0.302353
-0.0723529 0.301765
-0.0717647 0.301176
-0.0711765 0.301765
-0.0705882 0.302353
-0.07 0.302941
-0.0694118 0.302353
-0.0688235 0.301765
-0.0682353 0.301176
-0.0676471 0.301765
-0.0670588 0.302353
-0.0664706 0.301765
-0.0658824 0.302353
-0.0652941 0.302941
-0.0647059 0.302353
-0.0641176 0.302941
-0.0635294 0.302353
-0.0629412 0.302941
-0.0623529 0.302353
-0.0617647 0.302941
-0.0611765 0.302353
-0.0605882 0.302941
-0.06 0.303529
-0.0594118 0.302941
-0.0588235 0.302353
-0.0582353 0.301765
-0.0576471 0.302353
-0.0570588 0.301765
-0.0564706 0.302353
-0.0558824 0.302941
-0.0552941 0.303529
-0.0547059 0.302941
-0.0541176 0.302353
-0.0535294 0.301765
-0.0529412 0.302353
-0.0523529 0.301765
-0.0517647 0.301176
-0.0511765 0.301765
-0.0505882 0.301176
-0.05 0.301765
-0.0494118 0.301176
-0.0488235 0.300588
-0.0482353 0.3
-0.0476471 0.299412
-0.0470588 0.3
-0.0464706 0.299412
-0.0458824 0.298824
-0.0452941 0.298235
-0.0447059 0.298824
-0.0441176 0.299412
-0.0435294 0.3
-0.0429412 0.299412
-0.0423529 0.3
-0.0417647 0.300588
-0.0411765 0.3
-0.0405882 0.300588
-0.04 0.301176
-0.0394118 0.301765
-0.0388235 0.302353
-0.0382353 0.302941
-0.0376471 0.302353
-0.0370588 0.302941
-0.0364706 0.303529
-0.0358824 0.302941
-0.0352941 0.303529
-0.0347059 0.302941
-0.0341176 0.303529
-0.0335294 0.304118
-0.0329412 0.303529
-0.0323529 0.304118
-0.0317647 0.303529
-0.0311765 0.302941
-0.0305882 0.302353
-0.03 0.302941
-0.0294118 0.302353
-0.0288235 0.301765
-0.0282353 0.302353
-0.0276471 0.302941
-0.0270588 0.303529
-0.0264706 0.304118
-0.0258824 0.303529
-0.0252941 0.302941
-0.0247059 0.302353
-0.0241176 0.302941
-0.0235294 0.303529
-0.0229412 0.304118
-0.0223529 0.303529
-0.0217647 0.302941
-0.0211765 0.303529
-0.0205882 0.304118
-0.02 0.304706
-0.0194118 0.304118
-0.0188235 0.304706
-0.0182353 0.304118
-0.0176471 0.304706
-0.0170588 0.305294
-0.0164706 0.304706
-0.0158824 0.305294
-0.0152941 0.305882
-0.0147059 0.305294
-0.0141176 0.305882
-0.0135294 0.305294
-0.0129412 0.304706
-0.0123529 0.304118
-0.0117647 0.303529
-0.0111765 0.304118
-0.0105882 0.304706
-0.01 0.304118
-0.00941176 0.303529
-0.00882353 0.302941
-0.00823529 0.302353
-0.00764706 0.302941
-0.00705882 0.303529
-0.00647059 0.304118
-0.00588235 0.304706
-0.00529412 0.305294
-0.00470588 0.304706
-0.00411765 0.305294
-0.00352941 0.305882
-0.00294118 0.306471
-0.00235294 0.307059
-0.00176471 0.306471
-0.00117647 0.305882
-0.000588235 0.306471
0 0.307059
0.000588235 0.307647
0.00117647 0.307059
0.00176471 0.306471
0.00235294 0.305882
0.00294118 0.306471
0.00352941 0.305882
0.00411765 0.305294
0.00470588 0.305882
0.00529412 0.306471
0.00588235 0.305882
0.00647059 0.305294
0.00705882 0.304706
0.00764706 0.304118
0.00823529 0.304706
0.00882353 0.305294
0.00941176 0.305882
0.01 0.306471
0.0105882 0.305882
0.0111765 0.306471
0.0117647 0.305882
0.0123529 0.305294
0.0129412 0.304706
0.0135294 0.305294
0.0141176 0.305882
0.0147059 0.306471
0.0152941 0.307059
0.0158824 0.306471
0.0164706 0.307059
0.0170588 0.307647
0.0176471 0.307059
0.0182353 0.307647
0.0188235 0.308235
0.0194118 0.307647
0.02 0.307059
0.0205882 0.306471
0.0211765 0.307059
0.0217647 0.306471
0.0223529 0.307059
0.0229412 0.307647
0.0235294 0.307059
0.0241176 0.307647
0.0247059 0.308235
0.0252941 0.307647
0.0258824 0.307059
0.0264706 0.306471
0.0270588 0.307059
0.0276471 0.307647
0.0282353 0.307059
0.0288235 0.306471
0.0294118 0.307059
0.03 0.307647
0.0305882 0.308235
0.0311765 0.307647
0.0317647 0.308235
0.0323529 0.307647
0.0329412 0.308235
0.0335294 0.308824
0.0341176 0.308235
0.0347059 0.307647
0.0352941 0.307059
0.0358824 0.306471
0.0364706 0.307059
0.0370588 0.306471
0.0376471 0.305882
0.0382353 0.306471
0.0388235 0.305882
0.0394118 0.305294
0.04 0.305882
0.0405882 0.305294
0.0411765 0.304706
0.0417647 0.304118
0.0423529 0.304706
0.0429412 0.305294
0.0435294 0.305882
0.0441176 0.305294
0.0447059 0.304706
0.0452941 0.305294
0.0458824 0.304706
0.0464706 0.305294
0.0470588 0.304706
0.0476471 0.305294
0.0482353 0.305882
0.0488235 0.306471
0.0494118 0.307059
0.05 0.306471
0.0505882 0.305882
0.0511765 0.306471
0.0517647 0.305882
0.0523529 0.305294
0.0529412 0.304706
0.0535294 0.305294
0.0541176 0.304706
0.0547059 0.305294
0.0552941 0.305882
0.0558824 0.306471
0.0564706 0.307059
0.0570588 0.307647
0.0576471 0.308235
0.0582353 0.308824
0.0588235 0.309412
0.0594118 0.308824
0.06 0.308235
0.0605882 0.308824
0.0611765 0.309412
0.0617647 0.31
0.0623529 0.310588
0.0629412 0.311176
0.0635294 0.311765
0.0641176 0.312353
0.0647059 0.312941
0.0652941 0.313529
0.0658824 0.312941
0.0664706 0.312353
0.0670588 0.312941
0.0676471 0.313529
0.0682353 0.312941
0.0688235 0.312353
0.0694118 0.312941
0.07 0.312353
0.0705882 0.312941
0.0711765 0.313529
0.0717647 0.314118
0.0723529 0.313529
0.0729412 0.314118
0.0735294 0.314706
0.0741176 0.314118
0.0747059 0.313529
0.0752941 0.314118
0.0758824 0.314706
0.0764706 0.314118
0.0770588 0.314706
0.0776471 0.315294
0.0782353 0.315882
0.0788235 0.316471
0.0794118 0.315882
0.08 0.315294
0.0805882 0.314706
0.0811765 0.315294
0.0817647 0.314706
0.0823529 0.314118
0.0829412 0.314706
0.0835294 0.314118
0.0841176 0.314706
0.0847059 0.315294
0.0852941 0.314706
0.0858824 0.314118
0.0864706 0.313529
0.0870588 0.312941
0.0876471 0.313529
0.0882353 0.314118
0.0888235 0.313529
0.0894118 0.314118
0.09 0.313529
0.0905882 0.312941
0.0911765 0.312353
0.0917647 0.311765
0.0923529 0.311176
0.0929412 0.310588
0.0935294 0.31
0.0941176 0.310588
0.0947059 0.31
0.0952941 0.310588
0.0958824 0.311176
0.0964706 0.310588
0.0970588 0.311176
0.0976471 0.311765
0.0982353 0.312353
0.0988235 0.311765
0.0994118 0.312353
0.1 0.312941
0.100588 0.313529
0.101176 0.312941
0.101765 0.313529
0.102353 0.312941
0.102941 0.313529
0.103529 0.312941
0.104118 0.312353
0.104706 0.312941
0.105294 0.312353
0.105882 0.312941
0.106471 0.313529
0.107059 0.312941
0.107647 0.312353
0.108235 0.312941
0.108824 0.313529
0.109412 0.312941
0.11 0.312353
0.110588 0.311765
0.111176 0.312353
0.111765 0.311765
0.112353 0.312353
0.112941 0.312941
0.113529 0.313529
0.114118 0.314118
0.114706 0.313529
0.115294 0.314118
0.115882 0.314706
0.116471 0.315294
0.117059 0.315882
0.117647 0.316471
0.118235 0.315882
0.118824 0.316471
0.119412 0.317059
0.12 0.317647
0.120588 0.318235
0.121176 0.318824
0.121765 0.319412
0.122353 0.32
0.122941 0.319412
0.123529 0.318824
0.124118 0.319412
0.124706 0.32
0.125294 0.320588
0.125882 0.321176
0.126471 0.320588
0.127059 0.32
0.127647 0.319412
0.128235 0.318824
0.128824 0.318235
0.129412 0.318824
0.13 0.319412
0.130588 0.32
0.131176 0.320588
0.131765 0.321176
0.132353 0.320588
0.132941 0.321176
0.133529 0.321765
0.134118 0.322353
0.134706 0.322941
0.135294 0.323529
0.135882 0.324118
0.136471 0.324706
0.137059 0.325294
0.137647 0.325882
0.138235 0.325294
0.138824 0.325882
0.139412 0.325294
0.14 0.324706
0.140588 0.325294
0.141176 0.325882
0.141765 0.326471
0.142353 0.327059
0.142941 0.327647
0.143529 0.327059
0.144118 0.327647
0.144706 0.327059
0.145294 0.327647
0.145882 0.328235
0.146471 0.328824
0.147059 0.329412
0.147647 0.33
0.148235 0.330588
0.148824 0.331176
0.149412 0.330588
0.15 0.33
0.150588 0.330588
0.151176 0.33
0.151765 0.330588
0.152353 0.331176
0.152941 0.330588
0.153529 0.331176
0.154118 0.330588
0.154706 0.33
0.155294 0.329412
0.155882 0.328824
0.156471 0.329412
0.157059 0.33
0.157647 0.330588
0.158235 0.331176
0.158824 0.331765
0.159412 0.332353
0.16 0.332941
0.160588 0.333529
0.161176 0.334118
0.161765 0.334706
0.162353 0.334118
0.162941 0.334706
0.163529 0.335294
0.164118 0.335882
0.164706 0.336471
0.165294 0.335882
0.165882 0.336471
0.166471 0.335882
0.167059 0.336471
0.167647 0.337059
0.168235 0.336471
0.168824 0.337059
0.169412 0.336471
0.17 0.337059
0.170588 0.336471
0.171176 0.337059
0.171765 0.337647
0.172353 0.338235
0.172941 0.338824
0.173529 0.338235
0.174118 0.338824
0.174706 0.339412
0.175294 0.34
0.175882 0.340588
0.176471 0.341176
0.177059 0.341765
0.177647 0.342353
0.178235 0.342941
0.178824 0.343529
0.179412 0.344118
0.18 0.344706
0.180588 0.345294
0.181176 0.344706
0.181765 0.345294
0.182353 0.345882
0.182941 0.345294
0.183529 0.345882
0.184118 0.345294
0.184706 0.345882
0.185294 0.346471
0.185882 0.345882
0.186471 0.345294
0.187059 0.344706
0.187647 0.345294
0.188235 0.344706
0.188824 0.344118
0.189412 0.343529
0.19 0.344118
0.190588 0.344706
0.191176 0.344118
0.191765 0.343529
0.192353 0.342941
0.192941 0.343529
0.193529 0.344118
0.194118 0.343529
0.194706 0.344118
0.195294 0.344706
0.195882 0.345294
0.196471 0.344706
0.197059 0.345294
0.197647 0.345882
0.198235 0.346471
0.198824 0.345882
0.199412 0.345294
0.2 0.345882
0.200588 0.346471
0.201176 0.345882
0.201765 0.345294
0.202353 0.344706
0.202941 0.344118
0.203529 0.344706
0.204118 0.345294
0.204706 0.345882
0.205294 0.346471
0.205882 0.347059
0.206471 0.347647
0.207059 0.347059
0.207647 0.347647
0.208235 0.348235
0.208824 0.347647
0.209412 0.348235
0.21 0.347647
0.210588 0.348235
0.211176 0.348824
0.211765 0.349412
0.212353 0.35
0.212941 0.349412
0.213529 0.348824
0.214118 0.349412
0.214706 0.35
0.215294 0.350588
0.215882 0.35
0.216471 0.350588
0.217059 0.351176
0.217647 0.351765
0.218235 0.352353
0.218824 0.352941
0.219412 0.352353
0.22 0.352941
0.220588 0.353529
0.221176 0.352941
0.221765 0.352353
0.222353 0.352941
0.222941 0.353529
0.223529 0.354118
0.224118 0.354706
0.224706 0.355294
0.225294 0.355882
0.225882 0.356471
0.226471 0.357059
0.227059 0.357647
0.227647 0.357059
0.228235 0.357647
0.228824 0.357059
0.229412 0.356471
0.23 0.355882
0.230588 0.356471
0.231176 0.357059
0.231765 0.356471
0.232353 0.355882
0.232941 0.355294
0.233529 0.354706
0.234118 0.355294
0.234706 0.355882
0.235294 0.355294
0.235882 0.354706
0.236471 0.355294
0.237059 0.355882
0.237647 0.356471
0.238235 0.357059
0.238824 0.356471
0.239412 0.355882
0.24 0.356471
0.240588 0.357059
0.241176 0.357647
0.241765 0.358235
0.242353 0.358824
0.242941 0.358235
0.243529 0.358824
0.244118 0.359412
0.244706 0.358824
0.245294 0.359412
0.245882 0.358824
0.246471 0.359412
0.247059 0.36
0.247647 0.360588
0.248235 0.36
0.248824 0.360588
0.249412 0.361176
0.25 0.361765
0.250588 0.362353
0.251176 0.362941
0.251765 0.363529
0.252353 0.364118
0.252941 0.364706
0.253529 0.365294
0.254118 0.365882
0.254706 0.366471
0.255294 0.367059
0.255882 0.366471
0.256471 0.367059
0.257059 0.367647
0.257647 0.368235
0.258235 0.367647
0.258824 0.367059
0.259412 0.367647
0.26 0.368235
0.260588 0.368824
0.261176 0.369412
0.261765 0.368824
0.262353 0.369412
0.262941 0.37
0.263529 0.370588
0.264118 0.37
0.264706 0.370588
0.265294 0.371176
0.265882 0.371765
0.266471 0.372353
0.267059 0.372941
0.267647 0.373529
0.268235 0.374118
0.268824 0.374706
0.269412 0.375294
0.27 0.375882
0.270588 0.376471
0.271176 0.377059
0.271765 0.376471
0.272353 0.377059
0.272941 0.377647
0.273529 0.378235
0.274118 0.378824
0.274706 0.379412
0.275294 0.38
0.275882 0.380588
0.276471 0.38
0.277059 0.380588
0.277647 0.381176
0.278235 0.381765
0.278824 0.381176
0.279412 0.380588
0.28 0.381176
0.280588 0.381765
0.281176 0.382353
0.281765 0.381765
0.282353 0.382353
0.282941 0.381765
0.283529 0.382353
0.284118 0.381765
0.284706 0.382353
0.285294 0.381765
0.285882 0.382353
0.286471 0.382941
0.287059 0.383529
0.287647 0.384118
0.288235 0.384706
0.288824 0.385294
0.289412 0.384706
0.29 0.385294
0.290588 0.384706
0.291176 0.385294
0.291765 0.385882
0.292353 0.386471
0.292941 0.385882
0.293529 0.386471
0.294118 0.385882
0.294706 0.386471
0.295294 0.385882
0.295882 0.385294
0.296471 0.385882
0.297059 0.385294
0.297647 0.385882
0.298235 0.386471
0.298824 0.385882
0.299412 0.385294
0.3 0.384706
0.300588 0.384118
0.301176 0.384706
0.301765 0.385294
0.302353 0.385882
0.302941 0.386471
0.303529 0.387059
0.304118 0.386471
0.304706 0.385882
0.305294 0.386471
0.305882 0.387059
0.306471 0.386471
0.307059 0.387059
0.307647 0.387647
0.308235 0.387059
0.308824 0.387647
0.309412 0.388235
0.31 0.388824
0.310588 0.389412
0.311176 0.39
0.311765 0.390588
0.312353 0.391176
0.312941 0.391765
0.313529 0.392353
0.314118 0.392941
0.314706 0.393529
0.315294 0.394118
0.315882 0.394706
0.316471 0.394118
0.317059 0.394706
0.317647 0.394118
0.318235 0.394706
0.318824 0.395294
0.319412 0.395882
0.32 0.395294
0.320588 0.395882
0.321176 0.396471
0.321765 0.397059
0.322353 0.396471
0.322941 0.397059
0.323529 0.397647
0.324118 0.398235
0.324706 0.398824
0.325294 0.398235
0.325882 0.398824
0.326471 0.399412
0.327059 0.4
0.327647 0.400588
0.328235 0.401176
0.328824 0.401765
0.329412 0.402353
0.33 0.402941
0.330588 0.403529
0.331176 0.404118
0.331765 0.403529
0.332353 0.404118
0.332941 0.404706
0.333529 0.405294
0.334118 0.405882
0.334706 0.406471
0.335294 0.407059
0.335882 0.407647
0.336471 0.408235
0.337059 0.408824
0.337647 0.409412
0.338235 0.41
0.338824 0.410588
0.339412 0.411176
0.34 0.411765
0.340588 0.412353
0.341176 0.412941
0.341765 0.412353
0.342353 0.411765
0.342941 0.412353
0.343529 0.412941
0.344118 0.413529
0.344706 0.414118
0.345294 0.414706
0.345882 0.414118
0.346471 0.413529
0.347059 0.414118
0.347647 0.413529
0.348235 0.414118
0.348824 0.414706
0.349412 0.415294
0.35 0.415882
0.350588 0.416471
0.351176 0.417059
0.351765 0.417647
0.352353 0.418235
0.352941 0.418824
0.353529 0.419412
0.354118 0.42
0.354706 0.419412
0.355294 0.418824
0.355882 0.419412
0.356471 0.418824
0.357059 0.419412
0.357647 0.42
0.358235 0.420588
0.358824 0.421176
0.359412 0.421765
0.36 0.422353
0.360588 0.422941
0.361176 0.423529
0.361765 0.422941
0.362353 0.422353
0.362941 0.422941
0.363529 0.422353
0.364118 0.422941
0.364706 0.423529
0.365294 0.424118
0.365882 0.424706
0.366471 0.425294
0.367059 0.425882
0.367647 0.426471
0.368235 0.425882
0.368824 0.426471
0.369412 0.427059
0.37 0.426471
0.370588 0.427059
0.371176 0.427647
0.371765 0.428235
0.372353 0.427647
0.372941 0.428235
0.373529 0.428824
0.374118 0.429412
0.374706 0.43
0.375294 0.430588
0.375882 0.431176
0.376471 0.431765
0.377059 0.432353
0.377647 0.431765
0.378235 0.431176
0.378824 0.430588
0.379412 0.431176
0.38 0.431765
0.380588 0.432353
0.381176 0.432941
0.381765 0.433529
0.382353 0.434118
0.382941 0.434706
0.383529 0.435294
0.384118 0.435882
0.384706 0.435294
0.385294 0.434706
0.385882 0.435294
0.386471 0.435882
0.387059 0.436471
0.387647 0.435882
0.388235 0.436471
0.388824 0.437059
0.389412 0.437647
0.39 0.438235
0.390588 0.438824
0.391176 0.439412
0.391765 0.44
0.392353 0.440588
0.392941 0.441176
0.393529 0.441765
0.394118 0.442353
0.394706 0.442941
0.395294 0.443529
0.395882 0.444118
0.396471 0.444706
0.397059 0.445294
0.397647 0.445882
0.398235 0.446471
0.398824 0.447059
0.399412 0.447647
0.4 0.448235
0.400588 0.448824
0.401176 0.449412
0.401765 0.45
0.402353 0.450588
0.402941 0.451176
0.403529 0.451765
0.404118 0.452353
0.404706 0.452941
0.405294 0.453529
0.405882 0.452941
0.406471 0.452353
0.407059 0.451765
0.407647 0.451176
0.408235 0.451765
0.408824 0.452353
0.409412 0.452941
0.41 0.453529
0.410588 0.454118
0.411176 0.454706
0.411765 0.455294
0.412353 0.455882
0.412941 0.456471
0.413529 0.457059
0.414118 0.457647
0.414706 0.458235
0.415294 0.458824
0.415882 0.458235
0.416471 0.458824
0.417059 0.458235
0.417647 0.458824
0.418235 0.458235
0.418824 0.458824
0.419412 0.459412
0.42 0.46
0.420588 0.460588
0.421176 0.46
0.421765 0.460588
0.422353 0.461176
0.422941 0.461765
0.423529 0.462353
0.424118 0.461765
0.424706 0.462353
0.425294 0.461765
0.425882 0.462353
0.426471 0.462941
0.427059 0.463529
0.427647 0.464118
0.428235 0.463529
0.428824 0.464118
0.429412 0.464706
0.43 0.465294
0.430588 0.464706
0.431176 0.465294
0.431765 0.465882
0.432353 0.466471
0.432941 0.465882
0.433529 0.466471
0.434118 0.467059
0.434706 0.467647
0.435294 0.468235
0.435882 0.468824
0.436471 0.469412
0.437059 0.47
0.437647 0.470588
0.438235 0.471176
0.438824 0.471765
0.439412 0.472353
0.44 0.472941
0.440588 0.473529
0.441176 0.474118
0.441765 0.474706
0.442353 0.475294
0.442941 0.475882
0.443529 0.476471
0.444118 0.475882
0.444706 0.476471
0.445294 0.477059
0.445882 0.477647
0.446471 0.477059
0.447059 0.477647
0.447647 0.478235
0.448235 0.478824
0.448824 0.479412
0.449412 0.48
0.45 0.480588
0.450588 0.481176
0.451176 0.481765
0.451765 0.482353
0.452353 0.482941
0.452941 0.483529
0.453529 0.484118
0.454118 0.484706
0.454706 0.485294
0.455294 0.485882
0.455882 0.486471
0.456471 0.487059
0.457059 0.487647
0.457647 0.488235
0.458235 0.488824
0.458824 0.489412
0.459412 0.49
0.46 0.490588
0.460588 0.491176
0.461176 0.491765
0.461765 0.492353
0.462353 0.492941
0.462941 0.493529
0.463529 0.494118
0.464118 0.493529
0.464706 0.492941
0.465294 0.493529
0.465882 0.492941
0.466471 0.493529
0.467059 0.494118
0.467647 0.493529
0.468235 0.494118
0.468824 0.494706
0.469412 0.495294
0.47 0.494706
0.470588 0.495294
0.471176 0.495882
0.471765 0.496471
0.472353 0.497059
0.472941 0.497647
0.473529 0.497059
0.474118 0.497647
0.474706 0.498235
0.475294 0.497647
0.475882 0.497059
0.476471 0.497647
0.477059 0.498235
0.477647 0.498824
0.478235 0.499412
0.478824 0.5
0.479412 0.500588
0.48 0.501176
0.480588 0.501765
0.481176 0.502353
0.481765 0.501765
0.482353 0.502353
0.482941 0.502941
0.483529 0.503529
0.484118 0.504118
0.484706 0.504706
0.485294 0.505294
0.485882 0.505882
0.486471 0.506471
0.487059 0.507059
0.487647 0.507647
0.488235 0.508235
0.488824 0.508824
0.489412 0.509412
0.49 0.51
0.490588 0.510588
0.491176 0.511176
0.491765 0.511765
0.492353 0.512353
0.492941 0.512941
0.493529 0.513529
0.494118 0.512941
0.494706 0.513529
0.495294 0.514118
0.495882 0.514706
0.496471 0.515294
0.497059 0.515882
0.497647 0.516471
0.498235 0.517059
0.498824 0.517647
0.499412 0.518235
0.5 0.518824
0.500588 0.519412
0.501176 0.52
0.501765 0.520588
0.502353 0.521176
0.502941 0.521765
0.503529 0.522353
0.504118 0.521765
0.504706 0.522353
0.505294 0.522941
0.505882 0.523529
0.506471 0.524118
0.507059 0.524706
0.507647 0.524118
0.508235 0.524706
0.508824 0.525294
0.509412 0.525882
0.51 0.526471
0.510588 0.527059
0.511176 0.527647
0.511765 0.527059
0.512353 0.527647
0.512941 0.528235
0.513529 0.528824
0.514118 0.529412
0.514706 0.53
0.515294 0.530588
0.515882 0.531176
0.516471 0.531765
0.517059 0.532353
0.517647 0.532941
0.518235 0.533529
0.518824 0.534118
0.519412 0.534706
0.52 0.535294
0.520588 0.535882
0.521176 0.536471
0.521765 0.537059
0.522353 0.536471
0.522941 0.537059
0.523529 0.536471
0.524118 0.537059
0.524706 0.537647
0.525294 0.538235
0.525882 0.538824
0.526471 0.539412
0.527059 0.54
0.527647 0.540588
0.528235 0.541176
0.528824 0.541765
0.529412 0.542353
0.53 0.542941
0.530588 0.543529
0.531176 0.544118
0.531765 0.544706
0.532353 0.545294
0.532941 0.545882
0.533529 0.546471
0.534118 0.545882
0.534706 0.546471
0.535294 0.547059
0.535882 0.547647
0.536471 0.548235
0.537059 0.548824
0.537647 0.549412
0.538235 0.55
0.538824 0.550588
0.539412 0.551176
0.54 0.551765
0.540588 0.551176
0.541176 0.551765
0.541765 0.552353
0.542353 0.552941
0.542941 0.553529
0.543529 0.554118
0.544118 0.554706
0.544706 0.555294
0.545294 0.555882
0.545882 0.556471
0.546471 0.557059
0.547059 0.557647
0.547647 0.558235
0.548235 0.558824
0.548824 0.559412
0.549412 0.56
0.55 0.560588
0.550588 0.561176
0.551176 0.560588
0.551765 0.561176
0.552353 0.560588
0.552941 0.561176
0.553529 0.561765
0.554118 0.561176
0.554706 0.561765
0.555294 0.562353
0.555882 0.562941
0.556471 0.563529
0.557059 0.564118
0.557647 0.564706
0.558235 0.565294
0.558824 0.565882
0.559412 0.566471
0.56 0.567059
0.560588 0.567647
0.561176 0.568235
0.561765 0.568824
0.562353 0.569412
0.562941 0.57
0.563529 0.570588
0.564118 0.571176
0.564706 0.571765
0.565294 0.572353
0.565882 0.572941
0.566471 0.573529
0.567059 0.574118
0.567647 0.574706
0.568235 0.575294
0.568824 0.575882
0.569412 0.576471
0.57 0.577059
0.570588 0.577647
0.571176 0.578235
0.571765 0.578824
0.572353 0.579412
0.572941 0.58
0.573529 0.580588
0.574118 0.581176
0.574706 0.581765
0.575294 0.582353
0.575882 0.582941
0.576471 0.583529
0.577059 0.584118
0.577647 0.584706
0.578235 0.585294
0.578824 0.585882
0.579412 0.586471
0.58 0.587059
0.580588 0.587647
0.581176 0.587059
0.581765 0.587647
0.582353 0.588235
0.582941 0.588824
0.583529 0.589412
0.584118 0.59
0.584706 0.590588
0.585294 0.59
0.585882 0.589412
0.586471 0.588824
0.587059 0.588235
0.587647 0.587647
