-1 1
-0.999 0.999
-0.998 0.998
-0.997 0.997
-0.996 0.996
-0.995 0.995
-0.994 0.994
-0.993 0.993
-0.992 0.992
-0.991 0.991
-0.99 0.99
-0.989 0.989
-0.988 0.988
-0.987 0.987
-0.986 0.986
-0.985 0.985
-0.984 0.984
-0.983 0.983
-0.982 0.982
-0.981 0.981
-0.98 0.98
-0.979 0.979
-0.978 0.978
-0.977 0.977
-0.976 0.976
-0.975 0.975
-0.974 0.974
-0.973 0.973
-0.972 0.972
-0.971 0.971
-0.97 0.97
-0.969 0.969
-0.968 0.968
-0.967 0.967
-0.966 0.966
-0.965 0.965
-0.964 0.964
-0.963 0.963
-0.962 0.962
-0.961 0.961
-0.96 0.96
-0.959 0.959
-0.958 0.958
-0.957 0.957
-0.956 0.956
-0.955 0.955
-0.954 0.954
-0.953 0.953
-0.952 0.952
-0.951 0.951
-0.95 0.95
-0.949 0.949
-0.948 0.948
-0.947 0.947
-0.946 0.946
-0.945 0.945
-0.944 0.944
-0.943 0.943
-0.942 0.942
-0.941 0.941
-0.94 0.94
-0.939 0.939
-0.938 0.938
-0.937 0.937
-0.936 0.936
-0.935 0.935
-0.934 0.934
-0.933 0.933
-0.932 0.932
-0.931 0.931
-0.93 0.93
-0.929 0.929
-0.928 0.928
-0.927 0.927
-0.926 0.926
-0.925 0.925
-0.924 0.924
-0.923 0.923
-0.922 0.922
-0.921 0.921
-0.92 0.92
-0.919 0.919
-0.918 0.918
-0.917 0.917
-0.916 0.916
-0.915 0.915
-0.914 0.914
-0.913 0.913
-0.912 0.912
-0.911 0.911
-0.91 0.91
-0.909 0.909
-0.908 0.908
-0.907 0.907
-0.906 0.906
-0.905 0.905
-0.904 0.904
-0.903 0.903
-0.902 0.902
-0.901 0.901
-0.9 0.9
-0.899 0.899
-0.898 0.898
-0.897 0.897
-0.896 0.896
-0.895 0.895
-0.894 0.894
-0.893 0.893
-0.892 0.892
-0.891 0.891
-0.89 0.89
-0.889 0.889
-0.888 0.888
-0.887 0.887
-0.886 0.886
-0.885 0.885
-0.884 0.884
-0.883 0.883
-0.882 0.882
-0.881 0.881
-0.88 0.88
-0.879 0.879
-0.878 0.878
-0.877 0.877
-0.876 0.876
-0.875 0.875
-0.874 0.874
-0.873 0.873
-0.872 0.872
-0.871 0.871
-0.87 0.87
-0.869 0.869
-0.868 0.868
-0.867 0.867
-0.866 0.866
-0.865 0.865
-0.864 0.864
-0.863 0.863
-0.862 0.862
-0.861 0.861
-0.86 0.86
-0.859 0.859
-0.858 0.858
-0.857 0.857
-0.856 0.856
-0.855 0.855
-0.854 0.854
-0.853 0.853
-0.852 0.852
-0.851 0.851
-0.85 0.85
-0.849 0.849
-0.848 0.848
-0.847 0.847
-0.846 0.846
-0.845 0.845
-0.844 0.844
-0.843 0.843
-0.842 0.842
-0.841 0.841
-0.84 0.84
-0.839 0.839
-0.838 0.838
-0.837 0.837
-0.836 0.836
-0.835 0.835
-0.834 0.834
-0.833 0.833
-0.832 0.832
-0.831 0.831
-0.83 0.83
-0.829 0.829
-0.828 0.828
-0.827 0.827
-0.826 0.826
-0.825 0.825
-0.824 0.824
-0.823 0.823
-0.822 0.822
-0.821 0.821
-0.82 0.82
-0.819 0.819
-0.818 0.818
-0.817 0.817
-0.816 0.816
-0.815 0.815
-0.814 0.814
-0.813 0.813
-0.812 0.812
-0.811 0.811
-0.81 0.81
-0.809 0.809
-0.808 0.808
-0.807 0.807
-0.806 0.806
-0.805 0.805
-0.804 0.804
-0.803 0.803
-0.802 0.802
-0.801 0.801
-0.8 0.8
-0.799 0.799
-0.798 0.798
-0.797 0.797
-0.796 0.796
-0.795 0.795
-0.794 0.794
-0.793 0.793
-0.792 0.792
-0.791 0.791
-0.79 0.79
-0.789 0.789
-0.788 0.788
-0.787 0.787
-0.786 0.786
-0.785 0.785
-0.784 0.784
-0.783 0.783
-0.782 0.782
-0.781 0.781
-0.78 0.78
-0.779 0.779
-0.778 0.778
-0.777 0.777
-0.776 0.776
-0.775 0.775
-0.774 0.774
-0.773 0.773
-0.772 0.772
-0.771 0.771
-0.77 0.77
-0.769 0.769
-0.768 0.768
-0.767 0.767
-0.766 0.766
-0.765 0.765
-0.764 0.764
-0.763 0.763
-0.762 0.762
-0.761 0.761
-0.76 0.76
-0.759 0.759
-0.758 0.758
-0.757 0.757
-0.756 0.756
-0.755 0.755
-0.754 0.754
-0.753 0.753
-0.752 0.752
-0.751 0.751
-0.75 0.75
-0.749 0.749
-0.748 0.748
-0.747 0.747
-0.746 0.746
-0.745 0.745
-0.744 0.744
-0.743 0.743
-0.742 0.742
-0.741 0.741
-0.74 0.74
-0.739 0.739
-0.738 0.738
-0.737 0.737
-0.736 0.736
-0.735 0.735
-0.734 0.734
-0.733 0.733
-0.732 0.732
-0.731 0.731
-0.73 0.73
-0.729 0.729
-0.728 0.728
-0.727 0.727
-0.726 0.726
-0.725 0.725
-0.724 0.724
-0.723 0.723
-0.722 0.722
-0.721 0.721
-0.72 0.72
-0.719 0.719
-0.718 0.718
-0.717 0.717
-0.716 0.716
-0.715 0.715
-0.714 0.714
-0.713 0.713
-0.712 0.712
-0.711 0.711
-0.71 0.71
-0.709 0.709
-0.708 0.708
-0.707 0.707
-0.706 0.706
-0.705 0.705
-0.704 0.704
-0.703 0.703
-0.702 0.702
-0.701 0.701
-0.7 0.7
-0.699 0.699
-0.698 0.698
-0.697 0.697
-0.696 0.696
-0.695 0.695
-0.694 0.694
-0.693 0.693
-0.692 0.692
-0.691 0.691
-0.69 0.69
-0.689 0.689
-0.688 0.688
-0.687 0.687
-0.686 0.686
-0.685 0.685
-0.684 0.684
-0.683 0.683
-0.682 0.682
-0.681 0.681
-0.68 0.68
-0.679 0.679
-0.678 0.678
-0.677 0.677
-0.676 0.676
-0.675 0.675
-0.674 0.674
-0.673 0.673
-0.672 0.672
-0.671 0.671
-0.67 0.67
-0.669 0.669
-0.668 0.668
-0.667 0.667
-0.666 0.666
-0.665 0.665
-0.664 0.664
-0.663 0.663
-0.662 0.662
-0.661 0.661
-0.66 0.66
-0.659 0.659
-0.658 0.658
-0.657 0.657
-0.656 0.656
-0.655 0.655
-0.654 0.654
-0.653 0.653
-0.652 0.654
-0.651 0.653
-0.65 0.652
-0.649 0.651
-0.648 0.65
-0.647 0.649
-0.646 0.648
-0.645 0.647
-0.644 0.646
-0.643 0.645
-0.642 0.644
-0.641 0.643
-0.64 0.642
-0.639 0.641
-0.638 0.64
-0.637 0.639
-0.636 0.638
-0.635 0.637
-0.634 0.636
-0.633 0.635
-0.632 0.634
-0.631 0.633
-0.63 0.632
-0.629 0.631
-0.628 0.63
-0.627 0.629
-0.626 0.628
-0.625 0.627
-0.624 0.626
-0.623 0.625
-0.622 0.624
-0.621 0.623
-0.62 0.622
-0.619 0.621
-0.618 0.62
-0.617 0.619
-0.616 0.618
-0.615 0.617
-0.614 0.616
-0.613 0.615
-0.612 0.614
-0.611 0.613
-0.61 0.612
-0.609 0.611
-0.608 0.61
-0.607 0.609
-0.606 0.608
-0.605 0.607
-0.604 0.606
-0.603 0.605
-0.602 0.604
-0.601 0.603
-0.6 0.602
-0.599 0.601
-0.598 0.6
-0.597 0.599
-0.596 0.598
-0.595 0.597
-0.594 0.596
-0.593 0.595
-0.592 0.594
-0.591 0.593
-0.59 0.592
-0.589 0.591
-0.588 0.59
-0.587 0.589
-0.586 0.588
-0.585 0.589
-0.584 0.588
-0.583 0.587
-0.582 0.586
-0.581 0.585
-0.58 0.584
-0.579 0.583
-0.578 0.584
-0.577 0.583
-0.576 0.582
-0.575 0.581
-0.574 0.58
-0.573 0.579
-0.572 0.578
-0.571 0.577
-0.57 0.576
-0.569 0.575
-0.568 0.574
-0.567 0.573
-0.566 0.572
-0.565 0.571
-0.564 0.57
-0.563 0.571
-0.562 0.572
-0.561 0.571
-0.56 0.57
-0.559 0.569
-0.558 0.568
-0.557 0.569
-0.556 0.568
-0.555 0.567
-0.554 0.566
-0.553 0.565
-0.552 0.564
-0.551 0.563
-0.55 0.562
-0.549 0.561
-0.548 0.56
-0.547 0.559
-0.546 0.558
-0.545 0.559
-0.544 0.558
-0.543 0.557
-0.542 0.556
-0.541 0.555
-0.54 0.554
-0.539 0.553
-0.538 0.552
-0.537 0.551
-0.536 0.55
-0.535 0.549
-0.534 0.548
-0.533 0.547
-0.532 0.546
-0.531 0.545
-0.53 0.544
-0.529 0.543
-0.528 0.542
-0.527 0.541
-0.526 0.542
-0.525 0.541
-0.524 0.54
-0.523 0.539
-0.522 0.54
-0.521 0.539
-0.52 0.54
-0.519 0.539
-0.518 0.538
-0.517 0.537
-0.516 0.536
-0.515 0.535
-0.514 0.534
-0.513 0.533
-0.512 0.532
-0.511 0.531
-0.51 0.53
-0.509 0.529
-0.508 0.528
-0.507 0.527
-0.506 0.528
-0.505 0.527
-0.504 0.526
-0.503 0.525
-0.502 0.524
-0.501 0.523
-0.5 0.522
-0.499 0.521
-0.498 0.52
-0.497 0.519
-0.496 0.518
-0.495 0.517
-0.494 0.516
-0.493 0.517
-0.492 0.516
-0.491 0.515
-0.49 0.514
-0.489 0.513
-0.488 0.512
-0.487 0.511
-0.486 0.51
-0.485 0.509
-0.484 0.508
-0.483 0.507
-0.482 0.506
-0.481 0.505
-0.48 0.504
-0.479 0.503
-0.478 0.502
-0.477 0.501
-0.476 0.5
-0.475 0.501
-0.474 0.5
-0.473 0.499
-0.472 0.498
-0.471 0.497
-0.47 0.496
-0.469 0.495
-0.468 0.494
-0.467 0.493
-0.466 0.492
-0.465 0.491
-0.464 0.49
-0.463 0.489
-0.462 0.488
-0.461 0.487
-0.46 0.486
-0.459 0.485
-0.458 0.484
-0.457 0.483
-0.456 0.482
-0.455 0.481
-0.454 0.48
-0.453 0.481
-0.452 0.48
-0.451 0.479
-0.45 0.478
-0.449 0.477
-0.448 0.476
-0.447 0.475
-0.446 0.474
-0.445 0.473
-0.444 0.472
-0.443 0.471
-0.442 0.47
-0.441 0.469
-0.44 0.468
-0.439 0.467
-0.438 0.466
-0.437 0.465
-0.436 0.464
-0.435 0.463
-0.434 0.462
-0.433 0.461
-0.432 0.46
-0.431 0.459
-0.43 0.46
-0.429 0.459
-0.428 0.458
-0.427 0.457
-0.426 0.456
-0.425 0.457
-0.424 0.456
-0.423 0.455
-0.422 0.456
-0.421 0.455
-0.42 0.454
-0.419 0.453
-0.418 0.452
-0.417 0.451
-0.416 0.452
-0.415 0.453
-0.414 0.452
-0.413 0.451
-0.412 0.45
-0.411 0.449
-0.41 0.448
-0.409 0.447
-0.408 0.446
-0.407 0.445
-0.406 0.444
-0.405 0.443
-0.404 0.442
-0.403 0.441
-0.402 0.44
-0.401 0.439
-0.4 0.438
-0.399 0.439
-0.398 0.438
-0.397 0.437
-0.396 0.438
-0.395 0.437
-0.394 0.436
-0.393 0.435
-0.392 0.434
-0.391 0.433
-0.39 0.434
-0.389 0.433
-0.388 0.434
-0.387 0.433
-0.386 0.432
-0.385 0.431
-0.384 0.43
-0.383 0.429
-0.382 0.428
-0.381 0.427
-0.38 0.426
-0.379 0.425
-0.378 0.424
-0.377 0.423
-0.376 0.424
-0.375 0.423
-0.374 0.424
-0.373 0.423
-0.372 0.422
-0.371 0.421
-0.37 0.42
-0.369 0.419
-0.368 0.42
-0.367 0.419
-0.366 0.42
-0.365 0.419
-0.364 0.418
-0.363 0.419
-0.362 0.418
-0.361 0.419
-0.36 0.418
-0.359 0.417
-0.358 0.416
-0.357 0.415
-0.356 0.416
-0.355 0.415
-0.354 0.414
-0.353 0.413
-0.352 0.412
-0.351 0.411
-0.35 0.41
-0.349 0.409
-0.348 0.408
-0.347 0.407
-0.346 0.406
-0.345 0.405
-0.344 0.406
-0.343 0.405
-0.342 0.404
-0.341 0.403
-0.34 0.402
-0.339 0.401
-0.338 0.4
-0.337 0.399
-0.336 0.4
-0.335 0.399
-0.334 0.398
-0.333 0.397
-0.332 0.396
-0.331 0.395
-0.33 0.394
-0.329 0.393
-0.328 0.392
-0.327 0.393
-0.326 0.392
-0.325 0.393
-0.324 0.392
-0.323 0.391
-0.322 0.39
-0.321 0.389
-0.32 0.39
-0.319 0.391
-0.318 0.39
-0.317 0.389
-0.316 0.388
-0.315 0.387
-0.314 0.388
-0.313 0.387
-0.312 0.386
-0.311 0.387
-0.31 0.386
-0.309 0.385
-0.308 0.384
-0.307 0.383
-0.306 0.384
-0.305 0.383
-0.304 0.382
-0.303 0.381
-0.302 0.38
-0.301 0.379
-0.3 0.378
-0.299 0.379
-0.298 0.378
-0.297 0.379
-0.296 0.378
-0.295 0.379
-0.294 0.378
-0.293 0.377
-0.292 0.376
-0.291 0.375
-0.29 0.376
-0.289 0.375
-0.288 0.374
-0.287 0.373
-0.286 0.372
-0.285 0.371
-0.284 0.37
-0.283 0.369
-0.282 0.37
-0.281 0.371
-0.28 0.372
-0.279 0.371
-0.278 0.372
-0.277 0.371
-0.276 0.372
-0.275 0.373
-0.274 0.374
-0.273 0.375
-0.272 0.376
-0.271 0.375
-0.27 0.376
-0.269 0.375
-0.268 0.376
-0.267 0.375
-0.266 0.376
-0.265 0.375
-0.264 0.374
-0.263 0.373
-0.262 0.372
-0.261 0.371
-0.26 0.37
-0.259 0.371
-0.258 0.37
-0.257 0.369
-0.256 0.368
-0.255 0.369
-0.254 0.368
-0.253 0.367
-0.252 0.368
-0.251 0.367
-0.25 0.366
-0.249 0.367
-0.248 0.366
-0.247 0.365
-0.246 0.364
-0.245 0.365
-0.244 0.364
-0.243 0.365
-0.242 0.366
-0.241 0.367
-0.24 0.366
-0.239 0.365
-0.238 0.364
-0.237 0.365
-0.236 0.364
-0.235 0.365
-0.234 0.364
-0.233 0.365
-0.232 0.364
-0.231 0.363
-0.23 0.362
-0.229 0.363
-0.228 0.362
-0.227 0.361
-0.226 0.36
-0.225 0.359
-0.224 0.358
-0.223 0.357
-0.222 0.356
-0.221 0.355
-0.22 0.356
-0.219 0.357
-0.218 0.356
-0.217 0.357
-0.216 0.356
-0.215 0.355
-0.214 0.354
-0.213 0.355
-0.212 0.354
-0.211 0.355
-0.21 0.354
-0.209 0.353
-0.208 0.352
-0.207 0.351
-0.206 0.35
-0.205 0.349
-0.204 0.348
-0.203 0.349
-0.202 0.348
-0.201 0.347
-0.2 0.346
-0.199 0.345
-0.198 0.344
-0.197 0.343
-0.196 0.344
-0.195 0.345
-0.194 0.344
-0.193 0.343
-0.192 0.342
-0.191 0.341
-0.19 0.34
-0.189 0.339
-0.188 0.338
-0.187 0.337
-0.186 0.336
-0.185 0.335
-0.184 0.334
-0.183 0.335
-0.182 0.334
-0.181 0.335
-0.18 0.334
-0.179 0.333
-0.178 0.334
-0.177 0.333
-0.176 0.332
-0.175 0.331
-0.174 0.33
-0.173 0.329
-0.172 0.328
-0.171 0.329
-0.17 0.328
-0.169 0.327
-0.168 0.326
-0.167 0.325
-0.166 0.324
-0.165 0.323
-0.164 0.322
-0.163 0.321
-0.162 0.32
-0.161 0.321
-0.16 0.32
-0.159 0.319
-0.158 0.318
-0.157 0.317
-0.156 0.316
-0.155 0.317
-0.154 0.316
-0.153 0.315
-0.152 0.314
-0.151 0.313
-0.15 0.312
-0.149 0.313
-0.148 0.312
-0.147 0.311
-0.146 0.312
-0.145 0.311
-0.144 0.312
-0.143 0.313
-0.142 0.312
-0.141 0.313
-0.14 0.312
-0.139 0.313
-0.138 0.312
-0.137 0.313
-0.136 0.312
-0.135 0.313
-0.134 0.314
-0.133 0.315
-0.132 0.316
-0.131 0.317
-0.13 0.316
-0.129 0.317
-0.128 0.316
-0.127 0.317
-0.126 0.318
-0.125 0.317
-0.124 0.316
-0.123 0.317
-0.122 0.318
-0.121 0.319
-0.12 0.318
-0.119 0.317
-0.118 0.318
-0.117 0.319
-0.116 0.32
-0.115 0.321
-0.114 0.32
-0.113 0.319
-0.112 0.32
-0.111 0.319
-0.11 0.32
-0.109 0.319
-0.108 0.32
-0.107 0.321
-0.106 0.32
-0.105 0.319
-0.104 0.32
-0.103 0.319
-0.102 0.318
-0.101 0.317
-0.1 0.316
-0.099 0.317
-0.098 0.318
-0.097 0.319
-0.096 0.32
-0.095 0.319
-0.094 0.32
-0.093 0.321
-0.092 0.322
-0.091 0.323
-0.09 0.324
-0.089 0.325
-0.088 0.326
-0.087 0.325
-0.086 0.324
-0.085 0.323
-0.084 0.322
-0.083 0.321
-0.082 0.322
-0.081 0.321
-0.08 0.322
-0.079 0.321
-0.078 0.322
-0.077 0.323
-0.076 0.324
-0.075 0.323
-0.074 0.322
-0.073 0.323
-0.072 0.324
-0.071 0.323
-0.07 0.322
-0.069 0.321
-0.068 0.32
-0.067 0.321
-0.066 0.322
-0.065 0.321
-0.064 0.32
-0.063 0.319
-0.062 0.32
-0.061 0.319
-0.06 0.32
-0.059 0.319
-0.058 0.318
-0.057 0.317
-0.056 0.316
-0.055 0.317
-0.054 0.316
-0.053 0.315
-0.052 0.316
-0.051 0.317
-0.05 0.316
-0.049 0.317
-0.048 0.318
-0.047 0.317
-0.046 0.318
-0.045 0.317
-0.044 0.318
-0.043 0.319
-0.042 0.318
-0.041 0.319
-0.04 0.318
-0.039 0.319
-0.038 0.32
-0.037 0.319
-0.036 0.32
-0.035 0.319
-0.034 0.318
-0.033 0.319
-0.032 0.318
-0.031 0.317
-0.03 0.316
-0.029 0.317
-0.028 0.318
-0.027 0.319
-0.026 0.318
-0.025 0.317
-0.024 0.316
-0.023 0.315
-0.022 0.314
-0.021 0.313
-0.02 0.312
-0.019 0.313
-0.018 0.314
-0.017 0.315
-0.016 0.314
-0.015 0.313
-0.014 0.312
-0.013 0.311
-0.012 0.31
-0.011 0.309
-0.01 0.308
-0.009 0.307
-0.008 0.308
-0.007 0.307
-0.006 0.308
-0.005 0.307
-0.004 0.308
-0.003 0.309
-0.002 0.31
-0.001 0.311
0 0.312
0.001 0.313
0.002 0.314
0.003 0.315
0.004 0.316
0.005 0.317
0.006 0.316
0.007 0.315
0.008 0.314
0.009 0.313
0.01 0.314
0.011 0.313
0.012 0.314
0.013 0.313
0.014 0.312
0.015 0.311
0.016 0.31
0.017 0.309
0.018 0.31
0.019 0.309
0.02 0.308
0.021 0.309
0.022 0.31
0.023 0.311
0.024 0.31
0.025 0.309
0.026 0.308
0.027 0.307
0.028 0.308
0.029 0.309
0.03 0.308
0.031 0.307
0.032 0.308
0.033 0.307
0.034 0.308
0.035 0.309
0.036 0.31
0.037 0.311
0.038 0.312
0.039 0.313
0.04 0.314
0.041 0.315
0.042 0.314
0.043 0.313
0.044 0.312
0.045 0.311
0.046 0.312
0.047 0.313
0.048 0.312
0.049 0.311
0.05 0.31
0.051 0.311
0.052 0.312
0.053 0.313
0.054 0.314
0.055 0.315
0.056 0.316
0.057 0.317
0.058 0.318
0.059 0.319
0.06 0.32
0.061 0.321
0.062 0.322
0.063 0.323
0.064 0.322
0.065 0.323
0.066 0.322
0.067 0.321
0.068 0.322
0.069 0.321
0.07 0.322
0.071 0.323
0.072 0.324
0.073 0.323
0.074 0.322
0.075 0.321
0.076 0.32
0.077 0.321
0.078 0.322
0.079 0.321
0.08 0.32
0.081 0.319
0.082 0.32
0.083 0.321
0.084 0.322
0.085 0.321
0.086 0.322
0.087 0.323
0.088 0.324
0.089 0.325
0.09 0.324
0.091 0.323
0.092 0.322
0.093 0.321
0.094 0.322
0.095 0.321
0.096 0.322
0.097 0.323
0.098 0.324
0.099 0.323
0.1 0.322
0.101 0.323
0.102 0.322
0.103 0.323
0.104 0.322
0.105 0.321
0.106 0.322
0.107 0.323
0.108 0.324
0.109 0.323
0.11 0.324
0.111 0.323
0.112 0.324
0.113 0.325
0.114 0.326
0.115 0.327
0.116 0.328
0.117 0.329
0.118 0.328
0.119 0.327
0.12 0.326
0.121 0.325
0.122 0.326
0.123 0.327
0.124 0.328
0.125 0.327
0.126 0.328
0.127 0.329
0.128 0.328
0.129 0.327
0.13 0.326
0.131 0.327
0.132 0.328
0.133 0.329
0.134 0.328
0.135 0.327
0.136 0.326
0.137 0.325
0.138 0.324
0.139 0.323
0.14 0.322
0.141 0.323
0.142 0.322
0.143 0.321
0.144 0.322
0.145 0.323
0.146 0.324
0.147 0.325
0.148 0.326
0.149 0.327
0.15 0.328
0.151 0.327
0.152 0.326
0.153 0.327
0.154 0.328
0.155 0.329
0.156 0.33
0.157 0.331
0.158 0.33
0.159 0.331
0.16 0.332
0.161 0.333
0.162 0.334
0.163 0.335
0.164 0.336
0.165 0.337
0.166 0.338
0.167 0.339
0.168 0.338
0.169 0.339
0.17 0.338
0.171 0.339
0.172 0.338
0.173 0.339
0.174 0.34
0.175 0.341
0.176 0.34
0.177 0.339
0.178 0.34
0.179 0.341
0.18 0.342
0.181 0.343
0.182 0.344
0.183 0.343
0.184 0.344
0.185 0.343
0.186 0.344
0.187 0.345
0.188 0.344
0.189 0.343
0.19 0.342
0.191 0.343
0.192 0.342
0.193 0.343
0.194 0.344
0.195 0.343
0.196 0.344
0.197 0.345
0.198 0.346
0.199 0.347
0.2 0.348
0.201 0.349
0.202 0.35
0.203 0.351
0.204 0.35
0.205 0.351
0.206 0.352
0.207 0.353
0.208 0.352
0.209 0.353
0.21 0.352
0.211 0.351
0.212 0.352
0.213 0.353
0.214 0.354
0.215 0.355
0.216 0.356
0.217 0.357
0.218 0.358
0.219 0.357
0.22 0.358
0.221 0.359
0.222 0.358
0.223 0.357
0.224 0.356
0.225 0.357
0.226 0.356
0.227 0.357
0.228 0.358
0.229 0.357
0.23 0.358
0.231 0.357
0.232 0.358
0.233 0.359
0.234 0.358
0.235 0.359
0.236 0.36
0.237 0.361
0.238 0.36
0.239 0.361
0.24 0.362
0.241 0.361
0.242 0.362
0.243 0.363
0.244 0.362
0.245 0.363
0.246 0.364
0.247 0.365
0.248 0.366
0.249 0.367
0.25 0.366
0.251 0.365
0.252 0.366
0.253 0.367
0.254 0.366
0.255 0.367
0.256 0.368
0.257 0.369
0.258 0.37
0.259 0.371
0.26 0.372
0.261 0.373
0.262 0.374
0.263 0.375
0.264 0.376
0.265 0.377
0.266 0.376
0.267 0.375
0.268 0.374
0.269 0.373
0.27 0.374
0.271 0.373
0.272 0.372
0.273 0.371
0.274 0.37
0.275 0.369
0.276 0.37
0.277 0.369
0.278 0.368
0.279 0.369
0.28 0.37
0.281 0.371
0.282 0.372
0.283 0.373
0.284 0.374
0.285 0.375
0.286 0.376
0.287 0.377
0.288 0.378
0.289 0.377
0.29 0.378
0.291 0.377
0.292 0.378
0.293 0.379
0.294 0.38
0.295 0.381
0.296 0.382
0.297 0.383
0.298 0.384
0.299 0.385
0.3 0.386
0.301 0.387
0.302 0.386
0.303 0.387
0.304 0.386
0.305 0.385
0.306 0.386
0.307 0.387
0.308 0.388
0.309 0.389
0.31 0.39
0.311 0.391
0.312 0.392
0.313 0.393
0.314 0.394
0.315 0.395
0.316 0.396
0.317 0.395
0.318 0.394
0.319 0.395
0.32 0.396
0.321 0.397
0.322 0.398
0.323 0.397
0.324 0.398
0.325 0.399
0.326 0.4
0.327 0.399
0.328 0.4
0.329 0.401
0.33 0.402
0.331 0.403
0.332 0.404
0.333 0.405
0.334 0.406
0.335 0.407
0.336 0.408
0.337 0.409
0.338 0.41
0.339 0.411
0.34 0.412
0.341 0.413
0.342 0.414
0.343 0.415
0.344 0.416
0.345 0.417
0.346 0.416
0.347 0.417
0.348 0.418
0.349 0.419
0.35 0.42
0.351 0.421
0.352 0.422
0.353 0.423
0.354 0.424
0.355 0.425
0.356 0.426
0.357 0.425
0.358 0.426
0.359 0.427
0.36 0.428
0.361 0.427
0.362 0.426
0.363 0.425
0.364 0.424
0.365 0.425
0.366 0.426
0.367 0.427
0.368 0.428
0.369 0.429
0.37 0.43
0.371 0.431
0.372 0.432
0.373 0.433
0.374 0.434
0.375 0.435
0.376 0.436
0.377 0.437
0.378 0.438
0.379 0.439
0.38 0.438
0.381 0.439
0.382 0.438
0.383 0.439
0.384 0.438
0.385 0.437
0.386 0.438
0.387 0.439
0.388 0.438
0.389 0.439
0.39 0.44
0.391 0.439
0.392 0.44
0.393 0.441
0.394 0.44
0.395 0.439
0.396 0.44
0.397 0.439
0.398 0.44
0.399 0.441
0.4 0.442
0.401 0.443
0.402 0.444
0.403 0.445
0.404 0.444
0.405 0.445
0.406 0.446
0.407 0.447
0.408 0.448
0.409 0.449
0.41 0.45
0.411 0.451
0.412 0.452
0.413 0.453
0.414 0.452
0.415 0.453
0.416 0.454
0.417 0.455
0.418 0.456
0.419 0.457
0.42 0.458
0.421 0.459
0.422 0.46
0.423 0.461
0.424 0.462
0.425 0.463
0.426 0.464
0.427 0.465
0.428 0.466
0.429 0.467
0.43 0.468
0.431 0.469
0.432 0.47
0.433 0.471
0.434 0.472
0.435 0.473
0.436 0.474
0.437 0.475
0.438 0.476
0.439 0.477
0.44 0.478
0.441 0.477
0.442 0.478
0.443 0.479
0.444 0.48
0.445 0.481
0.446 0.48
0.447 0.481
0.448 0.482
0.449 0.483
0.45 0.484
0.451 0.485
0.452 0.486
0.453 0.487
0.454 0.488
0.455 0.487
0.456 0.488
0.457 0.489
0.458 0.49
0.459 0.491
0.46 0.492
0.461 0.493
0.462 0.494
0.463 0.495
0.464 0.496
0.465 0.497
0.466 0.498
0.467 0.499
0.468 0.5
0.469 0.501
0.47 0.502
0.471 0.503
0.472 0.504
0.473 0.505
0.474 0.506
0.475 0.507
0.476 0.508
0.477 0.509
0.478 0.51
0.479 0.511
0.48 0.512
0.481 0.513
0.482 0.514
0.483 0.515
0.484 0.516
0.485 0.517
0.486 0.518
0.487 0.519
0.488 0.52
0.489 0.521
0.49 0.522
0.491 0.523
0.492 0.524
0.493 0.525
0.494 0.526
0.495 0.525
0.496 0.526
0.497 0.527
0.498 0.528
0.499 0.527
0.5 0.528
0.501 0.529
0.502 0.528
0.503 0.529
0.504 0.528
0.505 0.529
0.506 0.53
0.507 0.531
0.508 0.532
0.509 0.533
0.51 0.534
0.511 0.535
0.512 0.536
0.513 0.537
0.514 0.538
0.515 0.539
0.516 0.54
0.517 0.541
0.518 0.542
0.519 0.543
0.52 0.544
0.521 0.545
0.522 0.546
0.523 0.547
0.524 0.548
0.525 0.549
0.526 0.55
0.527 0.551
0.528 0.552
0.529 0.553
0.53 0.554
0.531 0.555
0.532 0.556
0.533 0.555
0.534 0.556
0.535 0.555
0.536 0.556
0.537 0.555
0.538 0.556
0.539 0.557
0.54 0.558
0.541 0.559
0.542 0.56
0.543 0.561
0.544 0.56
0.545 0.561
0.546 0.562
0.547 0.563
0.548 0.564
0.549 0.565
0.55 0.566
0.551 0.567
0.552 0.568
0.553 0.569
0.554 0.57
0.555 0.571
0.556 0.572
0.557 0.573
0.558 0.574
0.559 0.575
0.56 0.576
0.561 0.575
0.562 0.574
0.563 0.575
0.564 0.576
0.565 0.577
0.566 0.578
0.567 0.579
0.568 0.58
0.569 0.579
0.57 0.58
0.571 0.581
0.572 0.582
0.573 0.583
0.574 0.584
0.575 0.585
0.576 0.586
0.577 0.587
0.578 0.588
0.579 0.587
0.58 0.588
0.581 0.589
0.582 0.59
0.583 0.591
0.584 0.592
0.585 0.593
0.586 0.594
0.587 0.595
0.588 0.596
0.589 0.597
0.59 0.598
0.591 0.599
0.592 0.6
0.593 0.601
0.594 0.602
0.595 0.603
0.596 0.602
0.597 0.603
0.598 0.604
0.599 0.605
0.6 0.606
0.601 0.607
0.602 0.608
0.603 0.609
0.604 0.61
0.605 0.611
0.606 0.612
0.607 0.613
0.608 0.614
0.609 0.615
0.61 0.616
0.611 0.617
0.612 0.618
0.613 0.619
0.614 0.62
0.615 0.621
0.616 0.622
0.617 0.623
0.618 0.624
0.619 0.625
0.62 0.626
0.621 0.627
0.622 0.628
0.623 0.629
0.624 0.63
0.625 0.631
0.626 0.632
0.627 0.633
0.628 0.634
0.629 0.635
0.63 0.636
0.631 0.637
0.632 0.638
0.633 0.639
0.634 0.64
0.635 0.641
0.636 0.642
0.637 0.643
0.638 0.644
0.639 0.645
0.64 0.646
0.641 0.647
0.642 0.646
0.643 0.647
0.644 0.648
0.645 0.649
0.646 0.65
0.647 0.651
0.648 0.652
0.649 0.653
0.65 0.654
0.651 0.655
0.652 0.656
0.653 0.657
0.654 0.658
0.655 0.659
0.656 0.66
0.657 0.661
0.658 0.662
0.659 0.663
0.66 0.664
0.661 0.665
0.662 0.666
0.663 0.667
0.664 0.668
0.665 0.669
0.666 0.67
0.667 0.671
0.668 0.672
0.669 0.673
0.67 0.674
0.671 0.675
0.672 0.676
0.673 0.677
0.674 0.678
0.675 0.679
0.676 0.68
0.677 0.681
0.678 0.682
0.679 0.683
0.68 0.684
0.681 0.685
0.682 0.686
0.683 0.687
0.684 0.688
0.685 0.689
0.686 0.69
0.687 0.691
0.688 0.692
0.689 0.693
0.69 0.694
0.691 0.695
0.692 0.696
0.693 0.697
0.694 0.698
0.695 0.699
0.696 0.7
0.697 0.701
0.698 0.702
0.699 0.703
0.7 0.704
0.701 0.705
0.702 0.706
0.703 0.707
0.704 0.708
0.705 0.709
0.706 0.71
0.707 0.711
0.708 0.712
0.709 0.713
0.71 0.714
0.711 0.715
0.712 0.716
0.713 0.717
0.714 0.718
0.715 0.719
0.716 0.72
0.717 0.721
0.718 0.722
0.719 0.723
0.72 0.724
0.721 0.725
0.722 0.726
0.723 0.727
0.724 0.728
0.725 0.729
0.726 0.73
0.727 0.731
0.728 0.732
0.729 0.733
0.73 0.734
0.731 0.733
0.732 0.734
0.733 0.735
0.734 0.736
0.735 0.737
0.736 0.738
0.737 0.739
0.738 0.74
0.739 0.741
0.74 0.742
0.741 0.743
0.742 0.744
0.743 0.745
0.744 0.746
0.745 0.747
0.746 0.748
0.747 0.749
0.748 0.75
0.749 0.751
0.75 0.752
0.751 0.753
0.752 0.754
0.753 0.755
0.754 0.756
0.755 0.757
0.756 0.758
0.757 0.759
0.758 0.76
0.759 0.761
0.76 0.762
0.761 0.763
0.762 0.764
0.763 0.765
0.764 0.766
0.765 0.767
0.766 0.768
0.767 0.769
0.768 0.77
0.769 0.771
0.77 0.772
0.771 0.773
0.772 0.774
0.773 0.775
0.774 0.776
0.775 0.777
0.776 0.778
0.777 0.779
0.778 0.78
0.779 0.781
0.78 0.782
0.781 0.783
0.782 0.784
0.783 0.785
0.784 0.786
0.785 0.787
0.786 0.786
0.787 0.787
0.788 0.788
0.789 0.789
0.79 0.79
0.791 0.791
0.792 0.792
0.793 0.793
0.794 0.794
0.795 0.795
0.796 0.796
0.797 0.797
0.798 0.798
0.799 0.799
0.8 0.8
0.801 0.801
0.802 0.802
0.803 0.803
0.804 0.804
0.805 0.805
0.806 0.806
0.807 0.807
0.808 0.808
0.809 0.809
0.81 0.81
0.811 0.811
0.812 0.812
0.813 0.813
0.814 0.814
0.815 0.815
0.816 0.816
0.817 0.817
0.818 0.818
0.819 0.819
0.82 0.82
0.821 0.821
0.822 0.822
0.823 0.823
0.824 0.824
0.825 0.825
0.826 0.826
0.827 0.827
0.828 0.828
0.829 0.829
0.83 0.83
0.831 0.831
0.832 0.832
0.833 0.833
0.834 0.834
0.835 0.835
0.836 0.836
0.837 0.837
0.838 0.838
0.839 0.839
0.84 0.84
0.841 0.841
0.842 0.842
0.843 0.843
0.844 0.844
0.845 0.845
0.846 0.846
0.847 0.847
0.848 0.848
0.849 0.849
0.85 0.85
0.851 0.851
0.852 0.852
0.853 0.853
0.854 0.854
0.855 0.855
0.856 0.856
0.857 0.857
0.858 0.858
0.859 0.859
0.86 0.86
0.861 0.861
0.862 0.862
0.863 0.863
0.864 0.864
0.865 0.865
0.866 0.866
0.867 0.867
0.868 0.868
0.869 0.869
0.87 0.87
0.871 0.871
0.872 0.872
0.873 0.873
0.874 0.874
0.875 0.875
0.876 0.876
0.877 0.877
0.878 0.878
0.879 0.879
0.88 0.88
0.881 0.881
0.882 0.882
0.883 0.883
0.884 0.884
0.885 0.885
0.886 0.886
0.887 0.887
0.888 0.888
0.889 0.889
0.89 0.89
0.891 0.891
0.892 0.892
0.893 0.893
0.894 0.894
0.895 0.895
0.896 0.896
0.897 0.897
0.898 0.898
0.899 0.899
0.9 0.9
0.901 0.901
0.902 0.902
0.903 0.903
0.904 0.904
0.905 0.905
0.906 0.906
0.907 0.907
0.908 0.908
0.909 0.909
0.91 0.91
0.911 0.911
0.912 0.912
0.913 0.913
0.914 0.914
0.915 0.915
0.916 0.916
0.917 0.917
0.918 0.918
0.919 0.919
0.92 0.92
0.921 0.921
0.922 0.922
0.923 0.923
0.924 0.924
0.925 0.925
0.926 0.926
0.927 0.927
0.928 0.928
0.929 0.929
0.93 0.93
0.931 0.931
0.932 0.932
0.933 0.933
0.934 0.934
0.935 0.935
0.936 0.936
0.937 0.937
0.938 0.938
0.939 0.939
0.94 0.94
0.941 0.941
0.942 0.942
0.943 0.943
0.944 0.944
0.945 0.945
0.946 0.946
0.947 0.947
0.948 0.948
0.949 0.949
0.95 0.95
0.951 0.951
0.952 0.952
0.953 0.953
0.954 0.954
0.955 0.955
0.956 0.956
0.957 0.957
0.958 0.958
0.959 0.959
0.96 0.96
0.961 0.961
0.962 0.962
0.963 0.963
0.964 0.964
0.965 0.965
0.966 0.966
0.967 0.967
0.968 0.968
0.969 0.969
0.97 0.97
0.971 0.971
0.972 0.972
0.973 0.973
0.974 0.974
0.975 0.975
0.976 0.976
0.977 0.977
0.978 0.978
0.979 0.979
0.98 0.98
0.981 0.981
0.982 0.982
0.983 0.983
0.984 0.984
0.985 0.985
0.986 0.986
0.987 0.987
0.988 0.988
0.989 0.989
0.99 0.99
0.991 0.991
0.992 0.992
0.993 0.993
0.994 0.994
0.995 0.995
0.996 0.996
0.997 0.997
0.998 0.998
0.999 0.999
