-0.909091 0.909091
-0.908182 0.908182
-0.907273 0.907273
-0.906364 0.906364
-0.905455 0.905455
-0.904545 0.904545
-0.903636 0.903636
-0.902727 0.902727
-0.901818 0.901818
-0.900909 0.900909
-0.9 0.9
-0.899091 0.899091
-0.898182 0.898182
-0.897273 0.897273
-0.896364 0.896364
-0.895455 0.895455
-0.894545 0.894545
-0.893636 0.893636
-0.892727 0.892727
-0.891818 0.891818
-0.890909 0.890909
-0.89 0.89
-0.889091 0.889091
-0.888182 0.888182
-0.887273 0.887273
-0.886364 0.886364
-0.885455 0.885455
-0.884545 0.884545
-0.883636 0.883636
-0.882727 0.882727
-0.881818 0.881818
-0.880909 0.880909
-0.88 0.88
-0.879091 0.879091
-0.878182 0.878182
-0.877273 0.877273
-0.876364 0.876364
-0.875455 0.875455
-0.874545 0.874545
-0.873636 0.873636
-0.872727 0.872727
-0.871818 0.871818
-0.870909 0.870909
-0.87 0.87
-0.869091 0.869091
-0.868182 0.868182
-0.867273 0.867273
-0.866364 0.866364
-0.865455 0.865455
-0.864545 0.864545
-0.863636 0.863636
-0.862727 0.862727
-0.861818 0.861818
-0.860909 0.860909
-0.86 0.86
-0.859091 0.859091
-0.858182 0.858182
-0.857273 0.857273
-0.856364 0.856364
-0.855455 0.855455
-0.854545 0.854545
-0.853636 0.853636
-0.852727 0.852727
-0.851818 0.851818
-0.850909 0.850909
-0.85 0.85
-0.849091 0.849091
-0.848182 0.848182
-0.847273 0.847273
-0.846364 0.846364
-0.845455 0.845455
-0.844545 0.844545
-0.843636 0.843636
-0.842727 0.842727
-0.841818 0.841818
-0.840909 0.840909
-0.84 0.84
-0.839091 0.839091
-0.838182 0.838182
-0.837273 0.837273
-0.836364 0.836364
-0.835455 0.835455
-0.834545 0.834545
-0.833636 0.833636
-0.832727 0.832727
-0.831818 0.831818
-0.830909 0.830909
-0.83 0.83
-0.829091 0.829091
-0.828182 0.828182
-0.827273 0.827273
-0.826364 0.826364
-0.825455 0.825455
-0.824545 0.824545
-0.823636 0.823636
-0.822727 0.822727
-0.821818 0.821818
-0.820909 0.820909
-0.82 0.82
-0.819091 0.819091
-0.818182 0.818182
-0.817273 0.817273
-0.816364 0.816364
-0.815455 0.815455
-0.814545 0.814545
-0.813636 0.813636
-0.812727 0.812727
-0.811818 0.811818
-0.810909 0.810909
-0.81 0.81
-0.809091 0.809091
-0.808182 0.808182
-0.807273 0.807273
-0.806364 0.806364
-0.805455 0.805455
-0.804545 0.804545
-0.803636 0.803636
-0.802727 0.802727
-0.801818 0.801818
-0.800909 0.800909
-0.8 0.8
-0.799091 0.799091
-0.798182 0.798182
-0.797273 0.797273
-0.796364 0.796364
-0.795455 0.795455
-0.794545 0.794545
-0.793636 0.793636
-0.792727 0.792727
-0.791818 0.791818
-0.790909 0.790909
-0.79 0.79
-0.789091 0.789091
-0.788182 0.788182
-0.787273 0.787273
-0.786364 0.786364
-0.785455 0.785455
-0.784545 0.784545
-0.783636 0.783636
-0.782727 0.782727
-0.781818 0.781818
-0.780909 0.780909
-0.78 0.78
-0.779091 0.779091
-0.778182 0.778182
-0.777273 0.777273
-0.776364 0.776364
-0.775455 0.775455
-0.774545 0.774545
-0.773636 0.773636
-0.772727 0.772727
-0.771818 0.771818
-0.770909 0.770909
-0.77 0.77
-0.769091 0.769091
-0.768182 0.768182
-0.767273 0.767273
-0.766364 0.766364
-0.765455 0.765455
-0.764545 0.764545
-0.763636 0.763636
-0.762727 0.762727
-0.761818 0.761818
-0.760909 0.760909
-0.76 0.76
-0.759091 0.759091
-0.758182 0.758182
-0.757273 0.757273
-0.756364 0.756364
-0.755455 0.755455
-0.754545 0.754545
-0.753636 0.753636
-0.752727 0.752727
-0.751818 0.751818
-0.750909 0.750909
-0.75 0.75
-0.749091 0.749091
-0.748182 0.748182
-0.747273 0.747273
-0.746364 0.746364
-0.745455 0.745455
-0.744545 0.744545
-0.743636 0.743636
-0.742727 0.742727
-0.741818 0.741818
-0.740909 0.740909
-0.74 0.74
-0.739091 0.739091
-0.738182 0.738182
-0.737273 0.737273
-0.736364 0.736364
-0.735455 0.735455
-0.734545 0.734545
-0.733636 0.733636
-0.732727 0.732727
-0.731818 0.731818
-0.730909 0.730909
-0.73 0.73
-0.729091 0.729091
-0.728182 0.728182
-0.727273 0.727273
-0.726364 0.726364
-0.725455 0.725455
-0.724545 0.724545
-0.723636 0.723636
-0.722727 0.722727
-0.721818 0.721818
-0.720909 0.720909
-0.72 0.72
-0.719091 0.719091
-0.718182 0.718182
-0.717273 0.717273
-0.716364 0.716364
-0.715455 0.715455
-0.714545 0.714545
-0.713636 0.713636
-0.712727 0.712727
-0.711818 0.711818
-0.710909 0.710909
-0.71 0.71
-0.709091 0.709091
-0.708182 0.708182
-0.707273 0.707273
-0.706364 0.706364
-0.705455 0.705455
-0.704545 0.704545
-0.703636 0.703636
-0.702727 0.702727
-0.701818 0.701818
-0.700909 0.700909
-0.7 0.7
-0.699091 0.699091
-0.698182 0.698182
-0.697273 0.697273
-0.696364 0.696364
-0.695455 0.695455
-0.694545 0.694545
-0.693636 0.693636
-0.692727 0.692727
-0.691818 0.691818
-0.690909 0.690909
-0.69 0.69
-0.689091 0.689091
-0.688182 0.688182
-0.687273 0.687273
-0.686364 0.686364
-0.685455 0.685455
-0.684545 0.684545
-0.683636 0.683636
-0.682727 0.682727
-0.681818 0.681818
-0.680909 0.680909
-0.68 0.68
-0.679091 0.679091
-0.678182 0.678182
-0.677273 0.677273
-0.676364 0.676364
-0.675455 0.675455
-0.674545 0.674545
-0.673636 0.673636
-0.672727 0.672727
-0.671818 0.671818
-0.670909 0.670909
-0.67 0.67
-0.669091 0.669091
-0.668182 0.668182
-0.667273 0.667273
-0.666364 0.666364
-0.665455 0.665455
-0.664545 0.664545
-0.663636 0.663636
-0.662727 0.662727
-0.661818 0.661818
-0.660909 0.660909
-0.66 0.66
-0.659091 0.659091
-0.658182 0.658182
-0.657273 0.657273
-0.656364 0.656364
-0.655455 0.655455
-0.654545 0.654545
-0.653636 0.653636
-0.652727 0.652727
-0.651818 0.651818
-0.650909 0.650909
-0.65 0.65
-0.649091 0.649091
-0.648182 0.65
-0.647273 0.649091
-0.646364 0.648182
-0.645455 0.647273
-0.644545 0.646364
-0.643636 0.645455
-0.642727 0.644545
-0.641818 0.643636
-0.640909 0.642727
-0.64 0.641818
-0.639091 0.640909
-0.638182 0.64
-0.637273 0.639091
-0.636364 0.638182
-0.635455 0.637273
-0.634545 0.636364
-0.633636 0.635455
-0.632727 0.634545
-0.631818 0.633636
-0.630909 0.632727
-0.63 0.631818
-0.629091 0.630909
-0.628182 0.63
-0.627273 0.629091
-0.626364 0.628182
-0.625455 0.627273
-0.624545 0.626364
-0.623636 0.625455
-0.622727 0.624545
-0.621818 0.623636
-0.620909 0.622727
-0.62 0.621818
-0.619091 0.620909
-0.618182 0.62
-0.617273 0.619091
-0.616364 0.618182
-0.615455 0.617273
-0.614545 0.616364
-0.613636 0.615455
-0.612727 0.614545
-0.611818 0.613636
-0.610909 0.612727
-0.61 0.611818
-0.609091 0.610909
-0.608182 0.61
-0.607273 0.609091
-0.606364 0.608182
-0.605455 0.607273
-0.604545 0.606364
-0.603636 0.605455
-0.602727 0.604545
-0.601818 0.603636
-0.600909 0.602727
-0.6 0.601818
-0.599091 0.600909
-0.598182 0.6
-0.597273 0.599091
-0.596364 0.598182
-0.595455 0.597273
-0.594545 0.596364
-0.593636 0.595455
-0.592727 0.594545
-0.591818 0.593636
-0.590909 0.592727
-0.59 0.591818
-0.589091 0.590909
-0.588182 0.59
-0.587273 0.589091
-0.586364 0.588182
-0.585455 0.587273
-0.584545 0.586364
-0.583636 0.585455
-0.582727 0.584545
-0.581818 0.583636
-0.580909 0.582727
-0.58 0.581818
-0.579091 0.580909
-0.578182 0.581818
-0.577273 0.580909
-0.576364 0.581818
-0.575455 0.582727
-0.574545 0.581818
-0.573636 0.580909
-0.572727 0.58
-0.571818 0.579091
-0.570909 0.578182
-0.57 0.577273
-0.569091 0.576364
-0.568182 0.575455
-0.567273 0.574545
-0.566364 0.573636
-0.565455 0.572727
-0.564545 0.571818
-0.563636 0.570909
-0.562727 0.57
-0.561818 0.570909
-0.560909 0.57
-0.56 0.569091
-0.559091 0.568182
-0.558182 0.567273
-0.557273 0.566364
-0.556364 0.565455
-0.555455 0.564545
-0.554545 0.563636
-0.553636 0.562727
-0.552727 0.561818
-0.551818 0.560909
-0.550909 0.56
-0.55 0.559091
-0.549091 0.558182
-0.548182 0.557273
-0.547273 0.556364
-0.546364 0.555455
-0.545455 0.554545
-0.544545 0.553636
-0.543636 0.552727
-0.542727 0.553636
-0.541818 0.552727
-0.540909 0.551818
-0.54 0.550909
-0.539091 0.55
-0.538182 0.550909
-0.537273 0.55
-0.536364 0.549091
-0.535455 0.548182
-0.534545 0.547273
-0.533636 0.546364
-0.532727 0.545455
-0.531818 0.544545
-0.530909 0.543636
-0.53 0.542727
-0.529091 0.541818
-0.528182 0.540909
-0.527273 0.54
-0.526364 0.539091
-0.525455 0.538182
-0.524545 0.537273
-0.523636 0.536364
-0.522727 0.535455
-0.521818 0.534545
-0.520909 0.533636
-0.52 0.532727
-0.519091 0.531818
-0.518182 0.530909
-0.517273 0.53
-0.516364 0.529091
-0.515455 0.528182
-0.514545 0.527273
-0.513636 0.526364
-0.512727 0.525455
-0.511818 0.524545
-0.510909 0.523636
-0.51 0.522727
-0.509091 0.521818
-0.508182 0.520909
-0.507273 0.52
-0.506364 0.520909
-0.505455 0.52
-0.504545 0.519091
-0.503636 0.518182
-0.502727 0.517273
-0.501818 0.516364
-0.500909 0.515455
-0.5 0.514545
-0.499091 0.513636
-0.498182 0.512727
-0.497273 0.511818
-0.496364 0.510909
-0.495455 0.511818
-0.494545 0.510909
-0.493636 0.511818
-0.492727 0.510909
-0.491818 0.51
-0.490909 0.509091
-0.49 0.508182
-0.489091 0.507273
-0.488182 0.508182
-0.487273 0.507273
-0.486364 0.506364
-0.485455 0.505455
-0.484545 0.504545
-0.483636 0.503636
-0.482727 0.502727
-0.481818 0.501818
-0.480909 0.500909
-0.48 0.501818
-0.479091 0.500909
-0.478182 0.5
-0.477273 0.500909
-0.476364 0.5
-0.475455 0.499091
-0.474545 0.498182
-0.473636 0.497273
-0.472727 0.496364
-0.471818 0.497273
-0.470909 0.498182
-0.47 0.497273
-0.469091 0.496364
-0.468182 0.495455
-0.467273 0.494545
-0.466364 0.493636
-0.465455 0.494545
-0.464545 0.493636
-0.463636 0.494545
-0.462727 0.493636
-0.461818 0.492727
-0.460909 0.491818
-0.46 0.490909
-0.459091 0.49
-0.458182 0.489091
-0.457273 0.488182
-0.456364 0.487273
-0.455455 0.486364
-0.454545 0.487273
-0.453636 0.486364
-0.452727 0.485455
-0.451818 0.484545
-0.450909 0.483636
-0.45 0.482727
-0.449091 0.481818
-0.448182 0.480909
-0.447273 0.48
-0.446364 0.479091
-0.445455 0.478182
-0.444545 0.477273
-0.443636 0.476364
-0.442727 0.475455
-0.441818 0.474545
-0.440909 0.473636
-0.44 0.472727
-0.439091 0.471818
-0.438182 0.470909
-0.437273 0.47
-0.436364 0.469091
-0.435455 0.468182
-0.434545 0.467273
-0.433636 0.466364
-0.432727 0.465455
-0.431818 0.464545
-0.430909 0.463636
-0.43 0.462727
-0.429091 0.461818
-0.428182 0.460909
-0.427273 0.46
-0.426364 0.459091
-0.425455 0.458182
-0.424545 0.457273
-0.423636 0.456364
-0.422727 0.457273
-0.421818 0.456364
-0.420909 0.457273
-0.42 0.458182
-0.419091 0.457273
-0.418182 0.456364
-0.417273 0.455455
-0.416364 0.456364
-0.415455 0.455455
-0.414545 0.454545
-0.413636 0.453636
-0.412727 0.452727
-0.411818 0.451818
-0.410909 0.450909
-0.41 0.45
-0.409091 0.449091
-0.408182 0.448182
-0.407273 0.447273
-0.406364 0.448182
-0.405455 0.447273
-0.404545 0.446364
-0.403636 0.445455
-0.402727 0.444545
-0.401818 0.443636
-0.400909 0.444545
-0.4 0.443636
-0.399091 0.442727
-0.398182 0.441818
-0.397273 0.440909
-0.396364 0.44
-0.395455 0.439091
-0.394545 0.438182
-0.393636 0.437273
-0.392727 0.436364
-0.391818 0.435455
-0.390909 0.434545
-0.39 0.433636
-0.389091 0.432727
-0.388182 0.431818
-0.387273 0.430909
-0.386364 0.43
-0.385455 0.430909
-0.384545 0.431818
-0.383636 0.430909
-0.382727 0.431818
-0.381818 0.430909
-0.380909 0.43
-0.38 0.430909
-0.379091 0.431818
-0.378182 0.432727
-0.377273 0.433636
-0.376364 0.432727
-0.375455 0.431818
-0.374545 0.432727
-0.373636 0.431818
-0.372727 0.430909
-0.371818 0.43
-0.370909 0.429091
-0.37 0.428182
-0.369091 0.427273
-0.368182 0.426364
-0.367273 0.425455
-0.366364 0.424545
-0.365455 0.425455
-0.364545 0.424545
-0.363636 0.423636
-0.362727 0.422727
-0.361818 0.423636
-0.360909 0.422727
-0.36 0.421818
-0.359091 0.420909
-0.358182 0.42
-0.357273 0.419091
-0.356364 0.418182
-0.355455 0.419091
-0.354545 0.418182
-0.353636 0.417273
-0.352727 0.416364
-0.351818 0.415455
-0.350909 0.414545
-0.35 0.413636
-0.349091 0.412727
-0.348182 0.411818
-0.347273 0.410909
-0.346364 0.41
-0.345455 0.409091
-0.344545 0.41
-0.343636 0.409091
-0.342727 0.408182
-0.341818 0.407273
-0.340909 0.408182
-0.34 0.407273
-0.339091 0.406364
-0.338182 0.407273
-0.337273 0.406364
-0.336364 0.405455
-0.335455 0.404545
-0.334545 0.403636
-0.333636 0.402727
-0.332727 0.401818
-0.331818 0.402727
-0.330909 0.403636
-0.33 0.402727
-0.329091 0.401818
-0.328182 0.400909
-0.327273 0.4
-0.326364 0.399091
-0.325455 0.398182
-0.324545 0.397273
-0.323636 0.396364
-0.322727 0.395455
-0.321818 0.394545
-0.320909 0.393636
-0.32 0.392727
-0.319091 0.393636
-0.318182 0.392727
-0.317273 0.393636
-0.316364 0.392727
-0.315455 0.391818
-0.314545 0.390909
-0.313636 0.391818
-0.312727 0.392727
-0.311818 0.391818
-0.310909 0.392727
-0.31 0.391818
-0.309091 0.392727
-0.308182 0.391818
-0.307273 0.392727
-0.306364 0.391818
-0.305455 0.392727
-0.304545 0.391818
-0.303636 0.390909
-0.302727 0.39
-0.301818 0.389091
-0.300909 0.388182
-0.3 0.387273
-0.299091 0.388182
-0.298182 0.387273
-0.297273 0.388182
-0.296364 0.387273
-0.295455 0.386364
-0.294545 0.385455
-0.293636 0.384545
-0.292727 0.383636
-0.291818 0.382727
-0.290909 0.381818
-0.29 0.380909
-0.289091 0.38
-0.288182 0.379091
-0.287273 0.378182
-0.286364 0.377273
-0.285455 0.378182
-0.284545 0.379091
-0.283636 0.38
-0.282727 0.380909
-0.281818 0.38
-0.280909 0.379091
-0.28 0.38
-0.279091 0.379091
-0.278182 0.378182
-0.277273 0.377273
-0.276364 0.376364
-0.275455 0.375455
-0.274545 0.374545
-0.273636 0.373636
-0.272727 0.372727
-0.271818 0.371818
-0.270909 0.370909
-0.27 0.37
-0.269091 0.369091
-0.268182 0.368182
-0.267273 0.367273
-0.266364 0.368182
-0.265455 0.367273
-0.264545 0.366364
-0.263636 0.365455
-0.262727 0.364545
-0.261818 0.363636
-0.260909 0.362727
-0.26 0.361818
-0.259091 0.362727
-0.258182 0.361818
-0.257273 0.360909
-0.256364 0.36
-0.255455 0.359091
-0.254545 0.358182
-0.253636 0.357273
-0.252727 0.356364
-0.251818 0.355455
-0.250909 0.354545
-0.25 0.353636
-0.249091 0.352727
-0.248182 0.351818
-0.247273 0.350909
-0.246364 0.35
-0.245455 0.349091
-0.244545 0.348182
-0.243636 0.347273
-0.242727 0.346364
-0.241818 0.345455
-0.240909 0.346364
-0.24 0.345455
-0.239091 0.346364
-0.238182 0.347273
-0.237273 0.346364
-0.236364 0.345455
-0.235455 0.344545
-0.234545 0.343636
-0.233636 0.342727
-0.232727 0.341818
-0.231818 0.340909
-0.230909 0.34
-0.23 0.340909
-0.229091 0.34
-0.228182 0.339091
-0.227273 0.34
-0.226364 0.339091
-0.225455 0.34
-0.224545 0.340909
-0.223636 0.34
-0.222727 0.339091
-0.221818 0.34
-0.220909 0.339091
-0.22 0.338182
-0.219091 0.337273
-0.218182 0.336364
-0.217273 0.335455
-0.216364 0.334545
-0.215455 0.335455
-0.214545 0.334545
-0.213636 0.333636
-0.212727 0.334545
-0.211818 0.335455
-0.210909 0.334545
-0.21 0.333636
-0.209091 0.332727
-0.208182 0.331818
-0.207273 0.332727
-0.206364 0.333636
-0.205455 0.334545
-0.204545 0.333636
-0.203636 0.334545
-0.202727 0.333636
-0.201818 0.332727
-0.200909 0.333636
-0.2 0.332727
-0.199091 0.331818
-0.198182 0.330909
-0.197273 0.33
-0.196364 0.329091
-0.195455 0.328182
-0.194545 0.327273
-0.193636 0.326364
-0.192727 0.325455
-0.191818 0.324545
-0.190909 0.323636
-0.19 0.322727
-0.189091 0.323636
-0.188182 0.322727
-0.187273 0.321818
-0.186364 0.320909
-0.185455 0.32
-0.184545 0.319091
-0.183636 0.32
-0.182727 0.320909
-0.181818 0.32
-0.180909 0.319091
-0.18 0.318182
-0.179091 0.319091
-0.178182 0.318182
-0.177273 0.317273
-0.176364 0.316364
-0.175455 0.317273
-0.174545 0.316364
-0.173636 0.315455
-0.172727 0.314545
-0.171818 0.313636
-0.170909 0.312727
-0.17 0.311818
-0.169091 0.310909
-0.168182 0.31
-0.167273 0.309091
-0.166364 0.308182
-0.165455 0.307273
-0.164545 0.308182
-0.163636 0.307273
-0.162727 0.306364
-0.161818 0.307273
-0.160909 0.306364
-0.16 0.305455
-0.159091 0.304545
-0.158182 0.303636
-0.157273 0.304545
-0.156364 0.305455
-0.155455 0.306364
-0.154545 0.307273
-0.153636 0.308182
-0.152727 0.309091
-0.151818 0.31
-0.150909 0.310909
-0.15 0.311818
-0.149091 0.312727
-0.148182 0.311818
-0.147273 0.312727
-0.146364 0.313636
-0.145455 0.314545
-0.144545 0.313636
-0.143636 0.314545
-0.142727 0.313636
-0.141818 0.312727
-0.140909 0.313636
-0.14 0.312727
-0.139091 0.311818
-0.138182 0.310909
-0.137273 0.311818
-0.136364 0.312727
-0.135455 0.311818
-0.134545 0.310909
-0.133636 0.31
-0.132727 0.309091
-0.131818 0.31
-0.130909 0.309091
-0.13 0.308182
-0.129091 0.307273
-0.128182 0.306364
-0.127273 0.305455
-0.126364 0.304545
-0.125455 0.303636
-0.124545 0.304545
-0.123636 0.303636
-0.122727 0.304545
-0.121818 0.305455
-0.120909 0.306364
-0.12 0.305455
-0.119091 0.306364
-0.118182 0.305455
-0.117273 0.306364
-0.116364 0.305455
-0.115455 0.306364
-0.114545 0.305455
-0.113636 0.304545
-0.112727 0.305455
-0.111818 0.306364
-0.110909 0.305455
-0.11 0.306364
-0.109091 0.305455
-0.108182 0.306364
-0.107273 0.305455
-0.106364 0.304545
-0.105455 0.303636
-0.104545 0.304545
-0.103636 0.305455
-0.102727 0.306364
-0.101818 0.307273
-0.100909 0.306364
-0.1 0.307273
-0.0990909 0.308182
-0.0981818 0.309091
-0.0972727 0.308182
-0.0963636 0.309091
-0.0954545 0.31
-0.0945455 0.309091
-0.0936364 0.31
-0.0927273 0.309091
-0.0918182 0.308182
-0.0909091 0.307273
-0.09 0.308182
-0.0890909 0.307273
-0.0881818 0.308182
-0.0872727 0.307273
-0.0863636 0.306364
-0.0854545 0.307273
-0.0845455 0.306364
-0.0836364 0.305455
-0.0827273 0.304545
-0.0818182 0.305455
-0.0809091 0.304545
-0.08 0.305455
-0.0790909 0.304545
-0.0781818 0.303636
-0.0772727 0.302727
-0.0763636 0.303636
-0.0754545 0.304545
-0.0745455 0.305455
-0.0736364 0.306364
-0.0727273 0.307273
-0.0718182 0.308182
-0.0709091 0.309091
-0.07 0.308182
-0.0690909 0.309091
-0.0681818 0.31
-0.0672727 0.309091
-0.0663636 0.31
-0.0654545 0.310909
-0.0645455 0.31
-0.0636364 0.310909
-0.0627273 0.31
-0.0618182 0.310909
-0.0609091 0.311818
-0.06 0.310909
-0.0590909 0.31
-0.0581818 0.310909
-0.0572727 0.31
-0.0563636 0.310909
-0.0554545 0.311818
-0.0545455 0.312727
-0.0536364 0.313636
-0.0527273 0.314545
-0.0518182 0.313636
-0.0509091 0.312727
-0.05 0.311818
-0.0490909 0.310909
-0.0481818 0.31
-0.0472727 0.309091
-0.0463636 0.308182
-0.0454545 0.307273
-0.0445455 0.306364
-0.0436364 0.305455
-0.0427273 0.306364
-0.0418182 0.307273
-0.0409091 0.306364
-0.04 0.305455
-0.0390909 0.304545
-0.0381818 0.303636
-0.0372727 0.304545
-0.0363636 0.303636
-0.0354545 0.304545
-0.0345455 0.305455
-0.0336364 0.306364
-0.0327273 0.305455
-0.0318182 0.306364
-0.0309091 0.305455
-0.03 0.306364
-0.0290909 0.305455
-0.0281818 0.304545
-0.0272727 0.303636
-0.0263636 0.302727
-0.0254545 0.301818
-0.0245455 0.300909
-0.0236364 0.3
-0.0227273 0.300909
-0.0218182 0.3
-0.0209091 0.299091
-0.02 0.298182
-0.0190909 0.297273
-0.0181818 0.298182
-0.0172727 0.299091
-0.0163636 0.298182
-0.0154545 0.299091
-0.0145455 0.3
-0.0136364 0.300909
-0.0127273 0.3
-0.0118182 0.299091
-0.0109091 0.298182
-0.01 0.297273
-0.00909091 0.298182
-0.00818182 0.299091
-0.00727273 0.3
-0.00636364 0.300909
-0.00545455 0.3
-0.00454545 0.300909
-0.00363636 0.301818
-0.00272727 0.302727
-0.00181818 0.303636
-0.000909091 0.304545
0 0.303636
0.000909091 0.304545
0.00181818 0.305455
0.00272727 0.306364
0.00363636 0.307273
0.00454545 0.306364
0.00545455 0.305455
0.00636364 0.304545
0.00727273 0.303636
0.00818182 0.304545
0.00909091 0.305455
0.01 0.306364
0.0109091 0.307273
0.0118182 0.308182
0.0127273 0.309091
0.0136364 0.31
0.0145455 0.310909
0.0154545 0.31
0.0163636 0.309091
0.0172727 0.31
0.0181818 0.309091
0.0190909 0.31
0.02 0.310909
0.0209091 0.31
0.0218182 0.310909
0.0227273 0.311818
0.0236364 0.310909
0.0245455 0.311818
0.0254545 0.312727
0.0263636 0.313636
0.0272727 0.314545
0.0281818 0.313636
0.0290909 0.312727
0.03 0.311818
0.0309091 0.310909
0.0318182 0.31
0.0327273 0.309091
0.0336364 0.308182
0.0345455 0.307273
0.0354545 0.306364
0.0363636 0.307273
0.0372727 0.306364
0.0381818 0.305455
0.0390909 0.306364
0.04 0.305455
0.0409091 0.304545
0.0418182 0.305455
0.0427273 0.306364
0.0436364 0.307273
0.0445455 0.308182
0.0454545 0.309091
0.0463636 0.308182
0.0472727 0.309091
0.0481818 0.308182
0.0490909 0.307273
0.05 0.306364
0.0509091 0.307273
0.0518182 0.306364
0.0527273 0.307273
0.0536364 0.308182
0.0545455 0.309091
0.0554545 0.31
0.0563636 0.310909
0.0572727 0.311818
0.0581818 0.310909
0.0590909 0.311818
0.06 0.310909
0.0609091 0.311818
0.0618182 0.310909
0.0627273 0.31
0.0636364 0.310909
0.0645455 0.311818
0.0654545 0.310909
0.0663636 0.31
0.0672727 0.310909
0.0681818 0.31
0.0690909 0.310909
0.07 0.311818
0.0709091 0.310909
0.0718182 0.31
0.0727273 0.310909
0.0736364 0.31
0.0745455 0.310909
0.0754545 0.311818
0.0763636 0.312727
0.0772727 0.313636
0.0781818 0.312727
0.0790909 0.311818
0.08 0.312727
0.0809091 0.313636
0.0818182 0.314545
0.0827273 0.315455
0.0836364 0.316364
0.0845455 0.315455
0.0854545 0.316364
0.0863636 0.317273
0.0872727 0.318182
0.0881818 0.319091
0.0890909 0.32
0.09 0.320909
0.0909091 0.32
0.0918182 0.319091
0.0927273 0.32
0.0936364 0.319091
0.0945455 0.318182
0.0954545 0.317273
0.0963636 0.318182
0.0972727 0.317273
0.0981818 0.318182
0.0990909 0.319091
0.1 0.32
0.100909 0.320909
0.101818 0.321818
0.102727 0.322727
0.103636 0.323636
0.104545 0.324545
0.105455 0.325455
0.106364 0.326364
0.107273 0.327273
0.108182 0.328182
0.109091 0.327273
0.11 0.328182
0.110909 0.327273
0.111818 0.328182
0.112727 0.327273
0.113636 0.328182
0.114545 0.327273
0.115455 0.328182
0.116364 0.329091
0.117273 0.328182
0.118182 0.329091
0.119091 0.328182
0.12 0.327273
0.120909 0.328182
0.121818 0.329091
0.122727 0.328182
0.123636 0.329091
0.124545 0.328182
0.125455 0.327273
0.126364 0.326364
0.127273 0.327273
0.128182 0.328182
0.129091 0.327273
0.13 0.326364
0.130909 0.327273
0.131818 0.328182
0.132727 0.327273
0.133636 0.328182
0.134545 0.329091
0.135455 0.33
0.136364 0.330909
0.137273 0.331818
0.138182 0.332727
0.139091 0.331818
0.14 0.332727
0.140909 0.333636
0.141818 0.334545
0.142727 0.335455
0.143636 0.336364
0.144545 0.335455
0.145455 0.336364
0.146364 0.335455
0.147273 0.336364
0.148182 0.337273
0.149091 0.336364
0.15 0.337273
0.150909 0.336364
0.151818 0.337273
0.152727 0.338182
0.153636 0.337273
0.154545 0.336364
0.155455 0.337273
0.156364 0.338182
0.157273 0.339091
0.158182 0.338182
0.159091 0.339091
0.16 0.338182
0.160909 0.337273
0.161818 0.336364
0.162727 0.335455
0.163636 0.336364
0.164545 0.337273
0.165455 0.336364
0.166364 0.335455
0.167273 0.334545
0.168182 0.335455
0.169091 0.336364
0.17 0.337273
0.170909 0.338182
0.171818 0.339091
0.172727 0.34
0.173636 0.340909
0.174545 0.341818
0.175455 0.340909
0.176364 0.34
0.177273 0.339091
0.178182 0.338182
0.179091 0.337273
0.18 0.336364
0.180909 0.337273
0.181818 0.338182
0.182727 0.339091
0.183636 0.34
0.184545 0.339091
0.185455 0.338182
0.186364 0.337273
0.187273 0.338182
0.188182 0.339091
0.189091 0.34
0.19 0.340909
0.190909 0.341818
0.191818 0.342727
0.192727 0.343636
0.193636 0.342727
0.194545 0.343636
0.195455 0.344545
0.196364 0.345455
0.197273 0.344545
0.198182 0.345455
0.199091 0.344545
0.2 0.343636
0.200909 0.344545
0.201818 0.343636
0.202727 0.344545
0.203636 0.345455
0.204545 0.346364
0.205455 0.347273
0.206364 0.348182
0.207273 0.347273
0.208182 0.348182
0.209091 0.349091
0.21 0.348182
0.210909 0.349091
0.211818 0.35
0.212727 0.349091
0.213636 0.348182
0.214545 0.349091
0.215455 0.35
0.216364 0.350909
0.217273 0.351818
0.218182 0.352727
0.219091 0.351818
0.22 0.350909
0.220909 0.351818
0.221818 0.350909
0.222727 0.351818
0.223636 0.352727
0.224545 0.351818
0.225455 0.350909
0.226364 0.351818
0.227273 0.352727
0.228182 0.353636
0.229091 0.354545
0.23 0.353636
0.230909 0.352727
0.231818 0.351818
0.232727 0.350909
0.233636 0.351818
0.234545 0.352727
0.235455 0.353636
0.236364 0.354545
0.237273 0.355455
0.238182 0.356364
0.239091 0.357273
0.24 0.358182
0.240909 0.359091
0.241818 0.358182
0.242727 0.357273
0.243636 0.356364
0.244545 0.355455
0.245455 0.356364
0.246364 0.357273
0.247273 0.358182
0.248182 0.359091
0.249091 0.36
0.25 0.360909
0.250909 0.361818
0.251818 0.362727
0.252727 0.363636
0.253636 0.364545
0.254545 0.365455
0.255455 0.364545
0.256364 0.365455
0.257273 0.366364
0.258182 0.367273
0.259091 0.368182
0.26 0.369091
0.260909 0.37
0.261818 0.370909
0.262727 0.37
0.263636 0.370909
0.264545 0.371818
0.265455 0.370909
0.266364 0.371818
0.267273 0.370909
0.268182 0.371818
0.269091 0.370909
0.27 0.371818
0.270909 0.370909
0.271818 0.371818
0.272727 0.372727
0.273636 0.371818
0.274545 0.372727
0.275455 0.373636
0.276364 0.374545
0.277273 0.375455
0.278182 0.376364
0.279091 0.377273
0.28 0.378182
0.280909 0.379091
0.281818 0.38
0.282727 0.379091
0.283636 0.38
0.284545 0.379091
0.285455 0.38
0.286364 0.380909
0.287273 0.381818
0.288182 0.382727
0.289091 0.381818
0.29 0.382727
0.290909 0.381818
0.291818 0.380909
0.292727 0.381818
0.293636 0.382727
0.294545 0.383636
0.295455 0.382727
0.296364 0.381818
0.297273 0.382727
0.298182 0.381818
0.299091 0.382727
0.3 0.383636
0.300909 0.384545
0.301818 0.383636
0.302727 0.384545
0.303636 0.385455
0.304545 0.384545
0.305455 0.385455
0.306364 0.384545
0.307273 0.385455
0.308182 0.386364
0.309091 0.387273
0.31 0.388182
0.310909 0.389091
0.311818 0.388182
0.312727 0.389091
0.313636 0.39
0.314545 0.390909
0.315455 0.391818
0.316364 0.392727
0.317273 0.393636
0.318182 0.394545
0.319091 0.395455
0.32 0.396364
0.320909 0.397273
0.321818 0.398182
0.322727 0.399091
0.323636 0.4
0.324545 0.400909
0.325455 0.401818
0.326364 0.402727
0.327273 0.403636
0.328182 0.402727
0.329091 0.403636
0.33 0.402727
0.330909 0.403636
0.331818 0.404545
0.332727 0.405455
0.333636 0.406364
0.334545 0.407273
0.335455 0.408182
0.336364 0.409091
0.337273 0.41
0.338182 0.409091
0.339091 0.41
0.34 0.410909
0.340909 0.411818
0.341818 0.410909
0.342727 0.411818
0.343636 0.410909
0.344545 0.411818
0.345455 0.412727
0.346364 0.411818
0.347273 0.412727
0.348182 0.413636
0.349091 0.414545
0.35 0.413636
0.350909 0.412727
0.351818 0.413636
0.352727 0.412727
0.353636 0.411818
0.354545 0.412727
0.355455 0.413636
0.356364 0.414545
0.357273 0.413636
0.358182 0.412727
0.359091 0.411818
0.36 0.412727
0.360909 0.413636
0.361818 0.414545
0.362727 0.413636
0.363636 0.414545
0.364545 0.415455
0.365455 0.416364
0.366364 0.417273
0.367273 0.418182
0.368182 0.419091
0.369091 0.42
0.37 0.420909
0.370909 0.421818
0.371818 0.422727
0.372727 0.423636
0.373636 0.424545
0.374545 0.425455
0.375455 0.426364
0.376364 0.427273
0.377273 0.428182
0.378182 0.429091
0.379091 0.43
0.38 0.430909
0.380909 0.431818
0.381818 0.432727
0.382727 0.433636
0.383636 0.434545
0.384545 0.435455
0.385455 0.434545
0.386364 0.435455
0.387273 0.436364
0.388182 0.437273
0.389091 0.438182
0.39 0.439091
0.390909 0.44
0.391818 0.439091
0.392727 0.44
0.393636 0.440909
0.394545 0.44
0.395455 0.440909
0.396364 0.441818
0.397273 0.442727
0.398182 0.443636
0.399091 0.444545
0.4 0.445455
0.400909 0.446364
0.401818 0.445455
0.402727 0.446364
0.403636 0.445455
0.404545 0.446364
0.405455 0.447273
0.406364 0.448182
0.407273 0.447273
0.408182 0.448182
0.409091 0.449091
0.41 0.45
0.410909 0.450909
0.411818 0.451818
0.412727 0.452727
0.413636 0.453636
0.414545 0.454545
0.415455 0.455455
0.416364 0.456364
0.417273 0.457273
0.418182 0.458182
0.419091 0.459091
0.42 0.46
0.420909 0.459091
0.421818 0.458182
0.422727 0.459091
0.423636 0.458182
0.424545 0.459091
0.425455 0.46
0.426364 0.460909
0.427273 0.461818
0.428182 0.460909
0.429091 0.461818
0.43 0.462727
0.430909 0.463636
0.431818 0.464545
0.432727 0.465455
0.433636 0.466364
0.434545 0.467273
0.435455 0.468182
0.436364 0.469091
0.437273 0.47
0.438182 0.470909
0.439091 0.471818
0.44 0.472727
0.440909 0.473636
0.441818 0.474545
0.442727 0.475455
0.443636 0.476364
0.444545 0.477273
0.445455 0.478182
0.446364 0.479091
0.447273 0.48
0.448182 0.480909
0.449091 0.481818
0.45 0.482727
0.450909 0.483636
0.451818 0.484545
0.452727 0.485455
0.453636 0.486364
0.454545 0.487273
0.455455 0.488182
0.456364 0.489091
0.457273 0.488182
0.458182 0.489091
0.459091 0.49
0.46 0.490909
0.460909 0.491818
0.461818 0.492727
0.462727 0.491818
0.463636 0.492727
0.464545 0.491818
0.465455 0.490909
0.466364 0.491818
0.467273 0.492727
0.468182 0.491818
0.469091 0.492727
0.47 0.491818
0.470909 0.492727
0.471818 0.493636
0.472727 0.494545
0.473636 0.495455
0.474545 0.496364
0.475455 0.497273
0.476364 0.498182
0.477273 0.499091
0.478182 0.5
0.479091 0.500909
0.48 0.501818
0.480909 0.502727
0.481818 0.503636
0.482727 0.504545
0.483636 0.503636
0.484545 0.504545
0.485455 0.505455
0.486364 0.506364
0.487273 0.505455
0.488182 0.506364
0.489091 0.507273
0.49 0.508182
0.490909 0.509091
0.491818 0.508182
0.492727 0.509091
0.493636 0.51
0.494545 0.510909
0.495455 0.511818
0.496364 0.512727
0.497273 0.513636
0.498182 0.514545
0.499091 0.515455
0.5 0.514545
0.500909 0.515455
0.501818 0.514545
0.502727 0.515455
0.503636 0.516364
0.504545 0.517273
0.505455 0.518182
0.506364 0.519091
0.507273 0.52
0.508182 0.520909
0.509091 0.521818
0.51 0.522727
0.510909 0.523636
0.511818 0.524545
0.512727 0.525455
0.513636 0.526364
0.514545 0.527273
0.515455 0.528182
0.516364 0.529091
0.517273 0.53
0.518182 0.530909
0.519091 0.531818
0.52 0.532727
0.520909 0.533636
0.521818 0.534545
0.522727 0.535455
0.523636 0.534545
0.524545 0.535455
0.525455 0.534545
0.526364 0.535455
0.527273 0.536364
0.528182 0.537273
0.529091 0.538182
0.53 0.539091
0.530909 0.54
0.531818 0.540909
0.532727 0.541818
0.533636 0.542727
0.534545 0.543636
0.535455 0.544545
0.536364 0.545455
0.537273 0.546364
0.538182 0.547273
0.539091 0.546364
0.54 0.547273
0.540909 0.548182
0.541818 0.549091
0.542727 0.55
0.543636 0.550909
0.544545 0.551818
0.545455 0.552727
0.546364 0.553636
0.547273 0.552727
0.548182 0.553636
0.549091 0.554545
0.55 0.555455
0.550909 0.556364
0.551818 0.557273
0.552727 0.558182
0.553636 0.559091
0.554545 0.56
0.555455 0.560909
0.556364 0.561818
0.557273 0.562727
0.558182 0.563636
0.559091 0.564545
0.56 0.565455
0.560909 0.566364
0.561818 0.567273
0.562727 0.568182
0.563636 0.569091
0.564545 0.57
0.565455 0.570909
0.566364 0.571818
0.567273 0.572727
0.568182 0.573636
0.569091 0.572727
0.57 0.573636
0.570909 0.574545
0.571818 0.575455
0.572727 0.576364
0.573636 0.577273
0.574545 0.578182
0.575455 0.579091
0.576364 0.58
0.577273 0.580909
0.578182 0.581818
0.579091 0.582727
0.58 0.583636
0.580909 0.584545
0.581818 0.585455
0.582727 0.586364
0.583636 0.587273
0.584545 0.588182
0.585455 0.589091
0.586364 0.59
0.587273 0.590909
0.588182 0.591818
0.589091 0.592727
0.59 0.593636
0.590909 0.594545
0.591818 0.595455
0.592727 0.596364
0.593636 0.597273
0.594545 0.598182
0.595455 0.599091
0.596364 0.6
0.597273 0.600909
0.598182 0.601818
0.599091 0.602727
0.6 0.603636
0.600909 0.604545
0.601818 0.605455
0.602727 0.606364
0.603636 0.607273
0.604545 0.608182
0.605455 0.609091
0.606364 0.61
0.607273 0.610909
0.608182 0.611818
0.609091 0.612727
0.61 0.613636
0.610909 0.614545
0.611818 0.615455
0.612727 0.616364
0.613636 0.617273
0.614545 0.618182
0.615455 0.619091
0.616364 0.62
0.617273 0.620909
0.618182 0.621818
0.619091 0.622727
0.62 0.623636
0.620909 0.624545
0.621818 0.625455
0.622727 0.626364
0.623636 0.627273
0.624545 0.628182
0.625455 0.629091
0.626364 0.63
0.627273 0.630909
0.628182 0.631818
0.629091 0.630909
0.63 0.631818
0.630909 0.632727
0.631818 0.633636
0.632727 0.634545
0.633636 0.635455
0.634545 0.636364
0.635455 0.637273
0.636364 0.638182
0.637273 0.639091
0.638182 0.64
0.639091 0.640909
0.64 0.641818
0.640909 0.642727
0.641818 0.643636
0.642727 0.644545
0.643636 0.645455
0.644545 0.646364
0.645455 0.647273
0.646364 0.648182
0.647273 0.649091
0.648182 0.65
0.649091 0.650909
0.65 0.651818
0.650909 0.652727
0.651818 0.653636
0.652727 0.654545
0.653636 0.655455
0.654545 0.656364
0.655455 0.657273
0.656364 0.658182
0.657273 0.659091
0.658182 0.66
0.659091 0.660909
0.66 0.661818
0.660909 0.662727
0.661818 0.663636
0.662727 0.664545
0.663636 0.665455
0.664545 0.666364
0.665455 0.667273
0.666364 0.668182
0.667273 0.669091
0.668182 0.67
0.669091 0.670909
0.67 0.671818
0.670909 0.672727
0.671818 0.673636
0.672727 0.674545
0.673636 0.675455
0.674545 0.676364
0.675455 0.677273
0.676364 0.678182
0.677273 0.679091
0.678182 0.68
0.679091 0.680909
0.68 0.681818
0.680909 0.682727
0.681818 0.683636
0.682727 0.684545
0.683636 0.685455
0.684545 0.686364
0.685455 0.687273
0.686364 0.688182
0.687273 0.689091
0.688182 0.69
0.689091 0.690909
0.69 0.691818
0.690909 0.692727
0.691818 0.693636
0.692727 0.694545
0.693636 0.695455
0.694545 0.696364
0.695455 0.697273
0.696364 0.698182
0.697273 0.699091
0.698182 0.7
0.699091 0.700909
0.7 0.701818
0.700909 0.702727
0.701818 0.703636
0.702727 0.704545
0.703636 0.705455
0.704545 0.706364
0.705455 0.707273
0.706364 0.708182
0.707273 0.709091
0.708182 0.71
0.709091 0.710909
0.71 0.711818
0.710909 0.712727
0.711818 0.713636
0.712727 0.714545
0.713636 0.715455
0.714545 0.716364
0.715455 0.717273
0.716364 0.718182
0.717273 0.719091
0.718182 0.72
0.719091 0.720909
0.72 0.721818
0.720909 0.722727
0.721818 0.723636
0.722727 0.724545
0.723636 0.725455
0.724545 0.726364
0.725455 0.727273
0.726364 0.728182
0.727273 0.729091
0.728182 0.73
0.729091 0.730909
0.73 0.731818
0.730909 0.732727
0.731818 0.733636
0.732727 0.734545
0.733636 0.735455
0.734545 0.736364
0.735455 0.737273
0.736364 0.738182
0.737273 0.739091
0.738182 0.74
0.739091 0.740909
0.74 0.741818
0.740909 0.742727
0.741818 0.743636
0.742727 0.742727
0.743636 0.743636
0.744545 0.744545
0.745455 0.745455
0.746364 0.746364
0.747273 0.747273
0.748182 0.748182
0.749091 0.749091
0.75 0.75
0.750909 0.750909
0.751818 0.751818
0.752727 0.752727
0.753636 0.753636
0.754545 0.754545
0.755455 0.755455
0.756364 0.756364
0.757273 0.757273
0.758182 0.758182
0.759091 0.759091
0.76 0.76
0.760909 0.760909
0.761818 0.761818
0.762727 0.762727
0.763636 0.763636
0.764545 0.764545
0.765455 0.765455
0.766364 0.766364
0.767273 0.767273
0.768182 0.768182
0.769091 0.769091
0.77 0.77
0.770909 0.770909
0.771818 0.771818
0.772727 0.772727
0.773636 0.773636
0.774545 0.774545
0.775455 0.775455
0.776364 0.776364
0.777273 0.777273
0.778182 0.778182
0.779091 0.779091
0.78 0.78
0.780909 0.780909
0.781818 0.781818
0.782727 0.782727
0.783636 0.783636
0.784545 0.784545
0.785455 0.785455
0.786364 0.786364
0.787273 0.787273
0.788182 0.788182
0.789091 0.789091
0.79 0.79
0.790909 0.790909
0.791818 0.791818
0.792727 0.792727
0.793636 0.793636
0.794545 0.794545
0.795455 0.795455
0.796364 0.796364
0.797273 0.797273
0.798182 0.798182
0.799091 0.799091
0.8 0.8
0.800909 0.800909
0.801818 0.801818
0.802727 0.802727
0.803636 0.803636
0.804545 0.804545
0.805455 0.805455
0.806364 0.806364
0.807273 0.807273
0.808182 0.808182
0.809091 0.809091
0.81 0.81
0.810909 0.810909
0.811818 0.811818
0.812727 0.812727
0.813636 0.813636
0.814545 0.814545
0.815455 0.815455
0.816364 0.816364
0.817273 0.817273
0.818182 0.818182
0.819091 0.819091
0.82 0.82
0.820909 0.820909
0.821818 0.821818
0.822727 0.822727
0.823636 0.823636
0.824545 0.824545
0.825455 0.825455
0.826364 0.826364
0.827273 0.827273
0.828182 0.828182
0.829091 0.829091
0.83 0.83
0.830909 0.830909
0.831818 0.831818
0.832727 0.832727
0.833636 0.833636
0.834545 0.834545
0.835455 0.835455
0.836364 0.836364
0.837273 0.837273
0.838182 0.838182
0.839091 0.839091
0.84 0.84
0.840909 0.840909
0.841818 0.841818
0.842727 0.842727
0.843636 0.843636
0.844545 0.844545
0.845455 0.845455
0.846364 0.846364
0.847273 0.847273
0.848182 0.848182
0.849091 0.849091
0.85 0.85
0.850909 0.850909
0.851818 0.851818
0.852727 0.852727
0.853636 0.853636
0.854545 0.854545
0.855455 0.855455
0.856364 0.856364
0.857273 0.857273
0.858182 0.858182
0.859091 0.859091
0.86 0.86
0.860909 0.860909
0.861818 0.861818
0.862727 0.862727
0.863636 0.863636
0.864545 0.864545
0.865455 0.865455
0.866364 0.866364
0.867273 0.867273
0.868182 0.868182
0.869091 0.869091
0.87 0.87
0.870909 0.870909
0.871818 0.871818
0.872727 0.872727
0.873636 0.873636
0.874545 0.874545
0.875455 0.875455
0.876364 0.876364
0.877273 0.877273
0.878182 0.878182
0.879091 0.879091
0.88 0.88
0.880909 0.880909
0.881818 0.881818
0.882727 0.882727
0.883636 0.883636
0.884545 0.884545
0.885455 0.885455
0.886364 0.886364
0.887273 0.887273
0.888182 0.888182
0.889091 0.889091
0.89 0.89
0.890909 0.890909
0.891818 0.891818
0.892727 0.892727
0.893636 0.893636
0.894545 0.894545
0.895455 0.895455
0.896364 0.896364
0.897273 0.897273
0.898182 0.898182
0.899091 0.899091
0.9 0.9
0.900909 0.900909
0.901818 0.901818
0.902727 0.902727
0.903636 0.903636
0.904545 0.904545
0.905455 0.905455
0.906364 0.906364
0.907273 0.907273
0.908182 0.908182
