-0.526316 0.526316
-0.525789 0.526842
-0.525263 0.527368
-0.524737 0.527895
-0.524211 0.528421
-0.523684 0.528947
-0.523158 0.529474
-0.522632 0.53
-0.522105 0.530526
-0.521579 0.531053
-0.521053 0.531579
-0.520526 0.532105
-0.52 0.531579
-0.519474 0.531053
-0.518947 0.530526
-0.518421 0.53
-0.517895 0.529474
-0.517368 0.53
-0.516842 0.529474
-0.516316 0.53
-0.515789 0.529474
-0.515263 0.528947
-0.514737 0.528421
-0.514211 0.527895
-0.513684 0.527368
-0.513158 0.526842
-0.512632 0.526316
-0.512105 0.525789
-0.511579 0.525263
-0.511053 0.524737
-0.510526 0.524211
-0.51 0.523684
-0.509474 0.523158
-0.508947 0.523684
-0.508421 0.524211
-0.507895 0.523684
-0.507368 0.523158
-0.506842 0.522632
-0.506316 0.522105
-0.505789 0.521579
-0.505263 0.521053
-0.504737 0.520526
-0.504211 0.52
-0.503684 0.519474
-0.503158 0.518947
-0.502632 0.518421
-0.502105 0.517895
-0.501579 0.517368
-0.501053 0.516842
-0.500526 0.516316
-0.5 0.515789
-0.499474 0.515263
-0.498947 0.515789
-0.498421 0.515263
-0.497895 0.514737
-0.497368 0.514211
-0.496842 0.513684
-0.496316 0.513158
-0.495789 0.512632
-0.495263 0.512105
-0.494737 0.511579
-0.494211 0.511053
-0.493684 0.510526
-0.493158 0.51
-0.492632 0.509474
-0.492105 0.508947
-0.491579 0.508421
-0.491053 0.507895
-0.490526 0.508421
-0.49 0.507895
-0.489474 0.507368
-0.488947 0.506842
-0.488421 0.506316
-0.487895 0.505789
-0.487368 0.505263
-0.486842 0.504737
-0.486316 0.504211
-0.485789 0.503684
-0.485263 0.503158
-0.484737 0.503684
-0.484211 0.503158
-0.483684 0.502632
-0.483158 0.502105
-0.482632 0.502632
-0.482105 0.502105
-0.481579 0.501579
-0.481053 0.501053
-0.480526 0.500526
-0.48 0.5
-0.479474 0.499474
-0.478947 0.498947
-0.478421 0.498421
-0.477895 0.497895
-0.477368 0.497368
-0.476842 0.496842
-0.476316 0.496316
-0.475789 0.495789
-0.475263 0.495263
-0.474737 0.494737
-0.474211 0.494211
-0.473684 0.493684
-0.473158 0.494211
-0.472632 0.493684
-0.472105 0.493158
-0.471579 0.492632
-0.471053 0.492105
-0.470526 0.491579
-0.47 0.491053
-0.469474 0.490526
-0.468947 0.49
-0.468421 0.489474
-0.467895 0.488947
-0.467368 0.488421
-0.466842 0.487895
-0.466316 0.487368
-0.465789 0.486842
-0.465263 0.486316
-0.464737 0.485789
-0.464211 0.485263
-0.463684 0.484737
-0.463158 0.484211
-0.462632 0.483684
-0.462105 0.483158
-0.461579 0.482632
-0.461053 0.482105
-0.460526 0.482632
-0.46 0.483158
-0.459474 0.482632
-0.458947 0.483158
-0.458421 0.482632
-0.457895 0.482105
-0.457368 0.482632
-0.456842 0.482105
-0.456316 0.482632
-0.455789 0.482105
-0.455263 0.481579
-0.454737 0.481053
-0.454211 0.480526
-0.453684 0.48
-0.453158 0.479474
-0.452632 0.478947
-0.452105 0.478421
-0.451579 0.477895
-0.451053 0.477368
-0.450526 0.476842
-0.45 0.476316
-0.449474 0.475789
-0.448947 0.475263
-0.448421 0.474737
-0.447895 0.474211
-0.447368 0.473684
-0.446842 0.473158
-0.446316 0.472632
-0.445789 0.472105
-0.445263 0.471579
-0.444737 0.471053
-0.444211 0.470526
-0.443684 0.47
-0.443158 0.469474
-0.442632 0.468947
-0.442105 0.468421
-0.441579 0.467895
-0.441053 0.467368
-0.440526 0.466842
-0.44 0.466316
-0.439474 0.465789
-0.438947 0.465263
-0.438421 0.464737
-0.437895 0.464211
-0.437368 0.464737
-0.436842 0.464211
-0.436316 0.463684
-0.435789 0.463158
-0.435263 0.462632
-0.434737 0.462105
-0.434211 0.461579
-0.433684 0.461053
-0.433158 0.460526
-0.432632 0.46
-0.432105 0.459474
-0.431579 0.458947
-0.431053 0.458421
-0.430526 0.457895
-0.43 0.457368
-0.429474 0.456842
-0.428947 0.456316
-0.428421 0.455789
-0.427895 0.455263
-0.427368 0.454737
-0.426842 0.455263
-0.426316 0.454737
-0.425789 0.454211
-0.425263 0.453684
-0.424737 0.453158
-0.424211 0.452632
-0.423684 0.452105
-0.423158 0.451579
-0.422632 0.451053
-0.422105 0.450526
-0.421579 0.451053
-0.421053 0.450526
-0.420526 0.451053
-0.42 0.450526
-0.419474 0.45
-0.418947 0.449474
-0.418421 0.448947
-0.417895 0.448421
-0.417368 0.448947
-0.416842 0.448421
-0.416316 0.448947
-0.415789 0.449474
-0.415263 0.45
-0.414737 0.450526
-0.414211 0.45
-0.413684 0.450526
-0.413158 0.45
-0.412632 0.450526
-0.412105 0.451053
-0.411579 0.450526
-0.411053 0.45
-0.410526 0.449474
-0.41 0.448947
-0.409474 0.448421
-0.408947 0.448947
-0.408421 0.448421
-0.407895 0.447895
-0.407368 0.447368
-0.406842 0.446842
-0.406316 0.446316
-0.405789 0.445789
-0.405263 0.446316
-0.404737 0.446842
-0.404211 0.447368
-0.403684 0.447895
-0.403158 0.447368
-0.402632 0.446842
-0.402105 0.446316
-0.401579 0.445789
-0.401053 0.445263
-0.400526 0.444737
-0.4 0.445263
-0.399474 0.444737
-0.398947 0.444211
-0.398421 0.443684
-0.397895 0.443158
-0.397368 0.443684
-0.396842 0.443158
-0.396316 0.442632
-0.395789 0.442105
-0.395263 0.441579
-0.394737 0.441053
-0.394211 0.441579
-0.393684 0.441053
-0.393158 0.440526
-0.392632 0.441053
-0.392105 0.440526
-0.391579 0.44
-0.391053 0.440526
-0.390526 0.44
-0.39 0.439474
-0.389474 0.438947
-0.388947 0.438421
-0.388421 0.437895
-0.387895 0.437368
-0.387368 0.436842
-0.386842 0.436316
-0.386316 0.435789
-0.385789 0.435263
-0.385263 0.434737
-0.384737 0.434211
-0.384211 0.433684
-0.383684 0.433158
-0.383158 0.432632
-0.382632 0.432105
-0.382105 0.431579
-0.381579 0.431053
-0.381053 0.431579
-0.380526 0.431053
-0.38 0.431579
-0.379474 0.431053
-0.378947 0.430526
-0.378421 0.43
-0.377895 0.429474
-0.377368 0.43
-0.376842 0.429474
-0.376316 0.428947
-0.375789 0.428421
-0.375263 0.427895
-0.374737 0.428421
-0.374211 0.427895
-0.373684 0.427368
-0.373158 0.426842
-0.372632 0.427368
-0.372105 0.426842
-0.371579 0.427368
-0.371053 0.426842
-0.370526 0.426316
-0.37 0.425789
-0.369474 0.425263
-0.368947 0.424737
-0.368421 0.424211
-0.367895 0.423684
-0.367368 0.424211
-0.366842 0.423684
-0.366316 0.423158
-0.365789 0.422632
-0.365263 0.422105
-0.364737 0.422632
-0.364211 0.423158
-0.363684 0.423684
-0.363158 0.423158
-0.362632 0.422632
-0.362105 0.423158
-0.361579 0.422632
-0.361053 0.422105
-0.360526 0.422632
-0.36 0.422105
-0.359474 0.421579
-0.358947 0.421053
-0.358421 0.420526
-0.357895 0.42
-0.357368 0.420526
-0.356842 0.42
-0.356316 0.420526
-0.355789 0.421053
-0.355263 0.420526
-0.354737 0.42
-0.354211 0.419474
-0.353684 0.418947
-0.353158 0.419474
-0.352632 0.418947
-0.352105 0.418421
-0.351579 0.417895
-0.351053 0.417368
-0.350526 0.416842
-0.35 0.416316
-0.349474 0.415789
-0.348947 0.415263
-0.348421 0.414737
-0.347895 0.414211
-0.347368 0.413684
-0.346842 0.413158
-0.346316 0.412632
-0.345789 0.412105
-0.345263 0.411579
-0.344737 0.411053
-0.344211 0.410526
-0.343684 0.411053
-0.343158 0.410526
-0.342632 0.41
-0.342105 0.409474
-0.341579 0.41
-0.341053 0.409474
-0.340526 0.408947
-0.34 0.408421
-0.339474 0.407895
-0.338947 0.407368
-0.338421 0.407895
-0.337895 0.408421
-0.337368 0.407895
-0.336842 0.407368
-0.336316 0.406842
-0.335789 0.406316
-0.335263 0.405789
-0.334737 0.405263
-0.334211 0.404737
-0.333684 0.404211
-0.333158 0.403684
-0.332632 0.403158
-0.332105 0.402632
-0.331579 0.402105
-0.331053 0.401579
-0.330526 0.402105
-0.33 0.402632
-0.329474 0.402105
-0.328947 0.401579
-0.328421 0.402105
-0.327895 0.401579
-0.327368 0.401053
-0.326842 0.400526
-0.326316 0.4
-0.325789 0.399474
-0.325263 0.398947
-0.324737 0.398421
-0.324211 0.397895
-0.323684 0.397368
-0.323158 0.396842
-0.322632 0.396316
-0.322105 0.395789
-0.321579 0.395263
-0.321053 0.394737
-0.320526 0.395263
-0.32 0.394737
-0.319474 0.395263
-0.318947 0.394737
-0.318421 0.394211
-0.317895 0.393684
-0.317368 0.393158
-0.316842 0.392632
-0.316316 0.392105
-0.315789 0.391579
-0.315263 0.391053
-0.314737 0.390526
-0.314211 0.39
-0.313684 0.389474
-0.313158 0.388947
-0.312632 0.388421
-0.312105 0.387895
-0.311579 0.387368
-0.311053 0.386842
-0.310526 0.387368
-0.31 0.386842
-0.309474 0.386316
-0.308947 0.386842
-0.308421 0.387368
-0.307895 0.387895
-0.307368 0.388421
-0.306842 0.388947
-0.306316 0.388421
-0.305789 0.387895
-0.305263 0.387368
-0.304737 0.386842
-0.304211 0.386316
-0.303684 0.385789
-0.303158 0.385263
-0.302632 0.384737
-0.302105 0.384211
-0.301579 0.384737
-0.301053 0.384211
-0.300526 0.383684
-0.3 0.383158
-0.299474 0.383684
-0.298947 0.384211
-0.298421 0.383684
-0.297895 0.383158
-0.297368 0.382632
-0.296842 0.382105
-0.296316 0.381579
-0.295789 0.381053
-0.295263 0.380526
-0.294737 0.38
-0.294211 0.379474
-0.293684 0.38
-0.293158 0.379474
-0.292632 0.38
-0.292105 0.379474
-0.291579 0.38
-0.291053 0.380526
-0.290526 0.38
-0.29 0.379474
-0.289474 0.38
-0.288947 0.379474
-0.288421 0.38
-0.287895 0.380526
-0.287368 0.38
-0.286842 0.379474
-0.286316 0.378947
-0.285789 0.378421
-0.285263 0.377895
-0.284737 0.377368
-0.284211 0.376842
-0.283684 0.377368
-0.283158 0.377895
-0.282632 0.377368
-0.282105 0.376842
-0.281579 0.376316
-0.281053 0.376842
-0.280526 0.376316
-0.28 0.375789
-0.279474 0.375263
-0.278947 0.374737
-0.278421 0.375263
-0.277895 0.374737
-0.277368 0.375263
-0.276842 0.375789
-0.276316 0.376316
-0.275789 0.375789
-0.275263 0.375263
-0.274737 0.374737
-0.274211 0.374211
-0.273684 0.373684
-0.273158 0.373158
-0.272632 0.372632
-0.272105 0.372105
-0.271579 0.371579
-0.271053 0.371053
-0.270526 0.371579
-0.27 0.372105
-0.269474 0.372632
-0.268947 0.372105
-0.268421 0.372632
-0.267895 0.372105
-0.267368 0.371579
-0.266842 0.371053
-0.266316 0.370526
-0.265789 0.37
-0.265263 0.369474
-0.264737 0.368947
-0.264211 0.368421
-0.263684 0.367895
-0.263158 0.367368
-0.262632 0.366842
-0.262105 0.366316
-0.261579 0.365789
-0.261053 0.366316
-0.260526 0.365789
-0.26 0.366316
-0.259474 0.366842
-0.258947 0.367368
-0.258421 0.366842
-0.257895 0.366316
-0.257368 0.365789
-0.256842 0.365263
-0.256316 0.364737
-0.255789 0.364211
-0.255263 0.364737
-0.254737 0.364211
-0.254211 0.363684
-0.253684 0.363158
-0.253158 0.362632
-0.252632 0.362105
-0.252105 0.361579
-0.251579 0.361053
-0.251053 0.361579
-0.250526 0.361053
-0.25 0.361579
-0.249474 0.361053
-0.248947 0.360526
-0.248421 0.36
-0.247895 0.359474
-0.247368 0.358947
-0.246842 0.358421
-0.246316 0.357895
-0.245789 0.357368
-0.245263 0.356842
-0.244737 0.356316
-0.244211 0.355789
-0.243684 0.356316
-0.243158 0.355789
-0.242632 0.355263
-0.242105 0.354737
-0.241579 0.354211
-0.241053 0.353684
-0.240526 0.353158
-0.24 0.352632
-0.239474 0.352105
-0.238947 0.351579
-0.238421 0.352105
-0.237895 0.352632
-0.237368 0.353158
-0.236842 0.353684
-0.236316 0.353158
-0.235789 0.352632
-0.235263 0.352105
-0.234737 0.351579
-0.234211 0.351053
-0.233684 0.351579
-0.233158 0.351053
-0.232632 0.350526
-0.232105 0.35
-0.231579 0.349474
-0.231053 0.348947
-0.230526 0.349474
-0.23 0.35
-0.229474 0.349474
-0.228947 0.35
-0.228421 0.349474
-0.227895 0.348947
-0.227368 0.349474
-0.226842 0.348947
-0.226316 0.348421
-0.225789 0.347895
-0.225263 0.347368
-0.224737 0.347895
-0.224211 0.347368
-0.223684 0.347895
-0.223158 0.347368
-0.222632 0.347895
-0.222105 0.347368
-0.221579 0.347895
-0.221053 0.347368
-0.220526 0.346842
-0.22 0.346316
-0.219474 0.345789
-0.218947 0.345263
-0.218421 0.344737
-0.217895 0.344211
-0.217368 0.344737
-0.216842 0.344211
-0.216316 0.344737
-0.215789 0.344211
-0.215263 0.343684
-0.214737 0.344211
-0.214211 0.343684
-0.213684 0.343158
-0.213158 0.343684
-0.212632 0.343158
-0.212105 0.342632
-0.211579 0.343158
-0.211053 0.343684
-0.210526 0.344211
-0.21 0.344737
-0.209474 0.345263
-0.208947 0.345789
-0.208421 0.346316
-0.207895 0.345789
-0.207368 0.346316
-0.206842 0.345789
-0.206316 0.346316
-0.205789 0.346842
-0.205263 0.346316
-0.204737 0.345789
-0.204211 0.346316
-0.203684 0.345789
-0.203158 0.346316
-0.202632 0.346842
-0.202105 0.347368
-0.201579 0.346842
-0.201053 0.346316
-0.200526 0.345789
-0.2 0.346316
-0.199474 0.345789
-0.198947 0.345263
-0.198421 0.344737
-0.197895 0.344211
-0.197368 0.343684
-0.196842 0.343158
-0.196316 0.342632
-0.195789 0.343158
-0.195263 0.342632
-0.194737 0.342105
-0.194211 0.341579
-0.193684 0.342105
-0.193158 0.341579
-0.192632 0.341053
-0.192105 0.340526
-0.191579 0.34
-0.191053 0.340526
-0.190526 0.34
-0.19 0.339474
-0.189474 0.338947
-0.188947 0.339474
-0.188421 0.338947
-0.187895 0.339474
-0.187368 0.338947
-0.186842 0.339474
-0.186316 0.34
-0.185789 0.340526
-0.185263 0.34
-0.184737 0.339474
-0.184211 0.338947
-0.183684 0.338421
-0.183158 0.337895
-0.182632 0.337368
-0.182105 0.336842
-0.181579 0.337368
-0.181053 0.336842
-0.180526 0.336316
-0.18 0.335789
-0.179474 0.335263
-0.178947 0.334737
-0.178421 0.334211
-0.177895 0.333684
-0.177368 0.333158
-0.176842 0.333684
-0.176316 0.334211
-0.175789 0.334737
-0.175263 0.335263
-0.174737 0.335789
-0.174211 0.335263
-0.173684 0.334737
-0.173158 0.334211
-0.172632 0.333684
-0.172105 0.333158
-0.171579 0.332632
-0.171053 0.332105
-0.170526 0.332632
-0.17 0.332105
-0.169474 0.331579
-0.168947 0.332105
-0.168421 0.332632
-0.167895 0.332105
-0.167368 0.331579
-0.166842 0.331053
-0.166316 0.331579
-0.165789 0.332105
-0.165263 0.331579
-0.164737 0.331053
-0.164211 0.330526
-0.163684 0.33
-0.163158 0.329474
-0.162632 0.328947
-0.162105 0.328421
-0.161579 0.327895
-0.161053 0.328421
-0.160526 0.327895
-0.16 0.327368
-0.159474 0.326842
-0.158947 0.326316
-0.158421 0.325789
-0.157895 0.325263
-0.157368 0.325789
-0.156842 0.325263
-0.156316 0.325789
-0.155789 0.326316
-0.155263 0.325789
-0.154737 0.326316
-0.154211 0.326842
-0.153684 0.326316
-0.153158 0.325789
-0.152632 0.326316
-0.152105 0.325789
-0.151579 0.326316
-0.151053 0.326842
-0.150526 0.326316
-0.15 0.326842
-0.149474 0.326316
-0.148947 0.326842
-0.148421 0.327368
-0.147895 0.326842
-0.147368 0.326316
-0.146842 0.325789
-0.146316 0.325263
-0.145789 0.325789
-0.145263 0.325263
-0.144737 0.324737
-0.144211 0.324211
-0.143684 0.323684
-0.143158 0.323158
-0.142632 0.323684
-0.142105 0.324211
-0.141579 0.323684
-0.141053 0.324211
-0.140526 0.323684
-0.14 0.324211
-0.139474 0.324737
-0.138947 0.324211
-0.138421 0.323684
-0.137895 0.323158
-0.137368 0.322632
-0.136842 0.323158
-0.136316 0.322632
-0.135789 0.322105
-0.135263 0.321579
-0.134737 0.322105
-0.134211 0.321579
-0.133684 0.321053
-0.133158 0.321579
-0.132632 0.321053
-0.132105 0.320526
-0.131579 0.321053
-0.131053 0.320526
-0.130526 0.321053
-0.13 0.320526
-0.129474 0.32
-0.128947 0.319474
-0.128421 0.318947
-0.127895 0.318421
-0.127368 0.317895
-0.126842 0.317368
-0.126316 0.316842
-0.125789 0.316316
-0.125263 0.316842
-0.124737 0.316316
-0.124211 0.315789
-0.123684 0.315263
-0.123158 0.314737
-0.122632 0.314211
-0.122105 0.314737
-0.121579 0.314211
-0.121053 0.313684
-0.120526 0.314211
-0.12 0.313684
-0.119474 0.314211
-0.118947 0.314737
-0.118421 0.315263
-0.117895 0.315789
-0.117368 0.316316
-0.116842 0.315789
-0.116316 0.315263
-0.115789 0.314737
-0.115263 0.315263
-0.114737 0.314737
-0.114211 0.314211
-0.113684 0.313684
-0.113158 0.313158
-0.112632 0.312632
-0.112105 0.312105
-0.111579 0.311579
-0.111053 0.312105
-0.110526 0.312632
-0.11 0.312105
-0.109474 0.311579
-0.108947 0.311053
-0.108421 0.310526
-0.107895 0.31
-0.107368 0.309474
-0.106842 0.308947
-0.106316 0.308421
-0.105789 0.307895
-0.105263 0.308421
-0.104737 0.307895
-0.104211 0.307368
-0.103684 0.307895
-0.103158 0.307368
-0.102632 0.306842
-0.102105 0.307368
-0.101579 0.307895
-0.101053 0.307368
-0.100526 0.306842
-0.1 0.307368
-0.0994737 0.306842
-0.0989474 0.306316
-0.0984211 0.305789
-0.0978947 0.306316
-0.0973684 0.305789
-0.0968421 0.305263
-0.0963158 0.304737
-0.0957895 0.305263
-0.0952632 0.304737
-0.0947368 0.304211
-0.0942105 0.304737
-0.0936842 0.304211
-0.0931579 0.303684
-0.0926316 0.303158
-0.0921053 0.302632
-0.0915789 0.303158
-0.0910526 0.302632
-0.0905263 0.302105
-0.09 0.301579
-0.0894737 0.301053
-0.0889474 0.300526
-0.0884211 0.301053
-0.0878947 0.300526
-0.0873684 0.301053
-0.0868421 0.301579
-0.0863158 0.302105
-0.0857895 0.301579
-0.0852632 0.302105
-0.0847368 0.302632
-0.0842105 0.302105
-0.0836842 0.301579
-0.0831579 0.302105
-0.0826316 0.301579
-0.0821053 0.302105
-0.0815789 0.301579
-0.0810526 0.302105
-0.0805263 0.301579
-0.08 0.301053
-0.0794737 0.300526
-0.0789474 0.3
-0.0784211 0.300526
-0.0778947 0.3
-0.0773684 0.299474
-0.0768421 0.298947
-0.0763158 0.298421
-0.0757895 0.297895
-0.0752632 0.297368
-0.0747368 0.296842
-0.0742105 0.297368
-0.0736842 0.297895
-0.0731579 0.297368
-0.0726316 0.296842
-0.0721053 0.297368
-0.0715789 0.296842
-0.0710526 0.296316
-0.0705263 0.295789
-0.07 0.295263
-0.0694737 0.294737
-0.0689474 0.294211
-0.0684211 0.293684
-0.0678947 0.294211
-0.0673684 0.293684
-0.0668421 0.293158
-0.0663158 0.292632
-0.0657895 0.293158
-0.0652632 0.293684
-0.0647368 0.294211
-0.0642105 0.294737
-0.0636842 0.294211
-0.0631579 0.293684
-0.0626316 0.293158
-0.0621053 0.293684
-0.0615789 0.293158
-0.0610526 0.293684
-0.0605263 0.294211
-0.06 0.294737
-0.0594737 0.295263
-0.0589474 0.294737
-0.0584211 0.294211
-0.0578947 0.293684
-0.0573684 0.294211
-0.0568421 0.293684
-0.0563158 0.293158
-0.0557895 0.293684
-0.0552632 0.294211
-0.0547368 0.294737
-0.0542105 0.295263
-0.0536842 0.295789
-0.0531579 0.296316
-0.0526316 0.295789
-0.0521053 0.295263
-0.0515789 0.294737
-0.0510526 0.294211
-0.0505263 0.293684
-0.05 0.293158
-0.0494737 0.292632
-0.0489474 0.293158
-0.0484211 0.293684
-0.0478947 0.294211
-0.0473684 0.293684
-0.0468421 0.294211
-0.0463158 0.293684
-0.0457895 0.294211
-0.0452632 0.294737
-0.0447368 0.295263
-0.0442105 0.295789
-0.0436842 0.295263
-0.0431579 0.294737
-0.0426316 0.294211
-0.0421053 0.293684
-0.0415789 0.293158
-0.0410526 0.292632
-0.0405263 0.293158
-0.04 0.293684
-0.0394737 0.294211
-0.0389474 0.294737
-0.0384211 0.295263
-0.0378947 0.295789
-0.0373684 0.295263
-0.0368421 0.295789
-0.0363158 0.295263
-0.0357895 0.295789
-0.0352632 0.296316
-0.0347368 0.296842
-0.0342105 0.296316
-0.0336842 0.296842
-0.0331579 0.296316
-0.0326316 0.296842
-0.0321053 0.297368
-0.0315789 0.297895
-0.0310526 0.298421
-0.0305263 0.297895
-0.03 0.297368
-0.0294737 0.297895
-0.0289474 0.298421
-0.0284211 0.297895
-0.0278947 0.298421
-0.0273684 0.298947
-0.0268421 0.298421
-0.0263158 0.298947
-0.0257895 0.299474
-0.0252632 0.298947
-0.0247368 0.298421
-0.0242105 0.298947
-0.0236842 0.299474
-0.0231579 0.298947
-0.0226316 0.299474
-0.0221053 0.3
-0.0215789 0.299474
-0.0210526 0.3
-0.0205263 0.299474
-0.02 0.298947
-0.0194737 0.299474
-0.0189474 0.3
-0.0184211 0.299474
-0.0178947 0.298947
-0.0173684 0.298421
-0.0168421 0.298947
-0.0163158 0.299474
-0.0157895 0.3
-0.0152632 0.300526
-0.0147368 0.3
-0.0142105 0.299474
-0.0136842 0.3
-0.0131579 0.299474
-0.0126316 0.3
-0.0121053 0.300526
-0.0115789 0.3
-0.0110526 0.300526
-0.0105263 0.301053
-0.01 0.300526
-0.00947368 0.3
-0.00894737 0.300526
-0.00842105 0.3
-0.00789474 0.300526
-0.00736842 0.301053
-0.00684211 0.301579
-0.00631579 0.302105
-0.00578947 0.301579
-0.00526316 0.301053
-0.00473684 0.300526
-0.00421053 0.3
-0.00368421 0.300526
-0.00315789 0.301053
-0.00263158 0.301579
-0.00210526 0.301053
-0.00157895 0.301579
-0.00105263 0.302105
-0.000526316 0.302632
0 0.302105
0.000526316 0.302632
0.00105263 0.303158
0.00157895 0.303684
0.00210526 0.303158
0.00263158 0.302632
0.00315789 0.303158
0.00368421 0.303684
0.00421053 0.304211
0.00473684 0.303684
0.00526316 0.303158
0.00578947 0.303684
0.00631579 0.303158
0.00684211 0.303684
0.00736842 0.304211
0.00789474 0.304737
0.00842105 0.304211
0.00894737 0.303684
0.00947368 0.304211
0.01 0.303684
0.0105263 0.303158
0.0110526 0.302632
0.0115789 0.303158
0.0121053 0.302632
0.0126316 0.303158
0.0131579 0.303684
0.0136842 0.303158
0.0142105 0.303684
0.0147368 0.304211
0.0152632 0.304737
0.0157895 0.304211
0.0163158 0.304737
0.0168421 0.304211
0.0173684 0.303684
0.0178947 0.304211
0.0184211 0.303684
0.0189474 0.304211
0.0194737 0.303684
0.02 0.303158
0.0205263 0.303684
0.0210526 0.303158
0.0215789 0.303684
0.0221053 0.304211
0.0226316 0.303684
0.0231579 0.303158
0.0236842 0.302632
0.0242105 0.302105
0.0247368 0.302632
0.0252632 0.302105
0.0257895 0.301579
0.0263158 0.302105
0.0268421 0.301579
0.0273684 0.302105
0.0278947 0.302632
0.0284211 0.302105
0.0289474 0.301579
0.0294737 0.301053
0.03 0.301579
0.0305263 0.302105
0.0310526 0.301579
0.0315789 0.301053
0.0321053 0.300526
0.0326316 0.3
0.0331579 0.299474
0.0336842 0.3
0.0342105 0.300526
0.0347368 0.3
0.0352632 0.299474
0.0357895 0.298947
0.0363158 0.298421
0.0368421 0.297895
0.0373684 0.297368
0.0378947 0.296842
0.0384211 0.297368
0.0389474 0.296842
0.0394737 0.296316
0.04 0.295789
0.0405263 0.296316
0.0410526 0.295789
0.0415789 0.295263
0.0421053 0.294737
0.0426316 0.295263
0.0431579 0.295789
0.0436842 0.295263
0.0442105 0.294737
0.0447368 0.294211
0.0452632 0.294737
0.0457895 0.295263
0.0463158 0.295789
0.0468421 0.296316
0.0473684 0.295789
0.0478947 0.295263
0.0484211 0.295789
0.0489474 0.295263
0.0494737 0.294737
0.05 0.294211
0.0505263 0.294737
0.0510526 0.295263
0.0515789 0.294737
0.0521053 0.295263
0.0526316 0.295789
0.0531579 0.295263
0.0536842 0.294737
0.0542105 0.294211
0.0547368 0.294737
0.0552632 0.295263
0.0557895 0.294737
0.0563158 0.294211
0.0568421 0.294737
0.0573684 0.295263
0.0578947 0.294737
0.0584211 0.294211
0.0589474 0.293684
0.0594737 0.294211
0.06 0.293684
0.0605263 0.294211
0.0610526 0.294737
0.0615789 0.295263
0.0621053 0.295789
0.0626316 0.296316
0.0631579 0.296842
0.0636842 0.297368
0.0642105 0.297895
0.0647368 0.298421
0.0652632 0.297895
0.0657895 0.298421
0.0663158 0.297895
0.0668421 0.297368
0.0673684 0.297895
0.0678947 0.298421
0.0684211 0.298947
0.0689474 0.299474
0.0694737 0.298947
0.07 0.298421
0.0705263 0.298947
0.0710526 0.298421
0.0715789 0.297895
0.0721053 0.298421
0.0726316 0.298947
0.0731579 0.299474
0.0736842 0.3
0.0742105 0.300526
0.0747368 0.301053
0.0752632 0.301579
0.0757895 0.302105
0.0763158 0.301579
0.0768421 0.302105
0.0773684 0.302632
0.0778947 0.302105
0.0784211 0.301579
0.0789474 0.301053
0.0794737 0.300526
0.08 0.301053
0.0805263 0.300526
0.0810526 0.301053
0.0815789 0.300526
0.0821053 0.301053
0.0826316 0.300526
0.0831579 0.301053
0.0836842 0.300526
0.0842105 0.3
0.0847368 0.299474
0.0852632 0.3
0.0857895 0.300526
0.0863158 0.301053
0.0868421 0.301579
0.0873684 0.301053
0.0878947 0.301579
0.0884211 0.301053
0.0889474 0.301579
0.0894737 0.301053
0.09 0.301579
0.0905263 0.302105
0.0910526 0.301579
0.0915789 0.301053
0.0921053 0.300526
0.0926316 0.301053
0.0931579 0.301579
0.0936842 0.302105
0.0942105 0.302632
0.0947368 0.303158
0.0952632 0.303684
0.0957895 0.304211
0.0963158 0.303684
0.0968421 0.303158
0.0973684 0.303684
0.0978947 0.303158
0.0984211 0.302632
0.0989474 0.303158
0.0994737 0.302632
0.1 0.302105
0.100526 0.301579
0.101053 0.301053
0.101579 0.300526
0.102105 0.3
0.102632 0.300526
0.103158 0.301053
0.103684 0.301579
0.104211 0.301053
0.104737 0.300526
0.105263 0.3
0.105789 0.299474
0.106316 0.3
0.106842 0.300526
0.107368 0.3
0.107895 0.300526
0.108421 0.3
0.108947 0.300526
0.109474 0.301053
0.11 0.301579
0.110526 0.302105
0.111053 0.302632
0.111579 0.303158
0.112105 0.303684
0.112632 0.303158
0.113158 0.302632
0.113684 0.303158
0.114211 0.302632
0.114737 0.302105
0.115263 0.302632
0.115789 0.302105
0.116316 0.301579
0.116842 0.301053
0.117368 0.300526
0.117895 0.301053
0.118421 0.301579
0.118947 0.302105
0.119474 0.302632
0.12 0.303158
0.120526 0.303684
0.121053 0.304211
0.121579 0.304737
0.122105 0.305263
0.122632 0.305789
0.123158 0.306316
0.123684 0.305789
0.124211 0.306316
0.124737 0.306842
0.125263 0.307368
0.125789 0.307895
0.126316 0.308421
0.126842 0.307895
0.127368 0.308421
0.127895 0.308947
0.128421 0.309474
0.128947 0.308947
0.129474 0.309474
0.13 0.308947
0.130526 0.309474
0.131053 0.308947
0.131579 0.308421
0.132105 0.307895
0.132632 0.308421
0.133158 0.307895
0.133684 0.308421
0.134211 0.308947
0.134737 0.309474
0.135263 0.308947
0.135789 0.309474
0.136316 0.31
0.136842 0.309474
0.137368 0.31
0.137895 0.310526
0.138421 0.311053
0.138947 0.310526
0.139474 0.311053
0.14 0.311579
0.140526 0.311053
0.141053 0.311579
0.141579 0.312105
0.142105 0.312632
0.142632 0.313158
0.143158 0.313684
0.143684 0.314211
0.144211 0.313684
0.144737 0.313158
0.145263 0.312632
0.145789 0.313158
0.146316 0.312632
0.146842 0.313158
0.147368 0.313684
0.147895 0.314211
0.148421 0.313684
0.148947 0.314211
0.149474 0.313684
0.15 0.314211
0.150526 0.314737
0.151053 0.315263
0.151579 0.314737
0.152105 0.315263
0.152632 0.314737
0.153158 0.315263
0.153684 0.315789
0.154211 0.316316
0.154737 0.315789
0.155263 0.316316
0.155789 0.316842
0.156316 0.317368
0.156842 0.317895
0.157368 0.318421
0.157895 0.318947
0.158421 0.319474
0.158947 0.318947
0.159474 0.318421
0.16 0.317895
0.160526 0.317368
0.161053 0.317895
0.161579 0.318421
0.162105 0.318947
0.162632 0.319474
0.163158 0.32
0.163684 0.320526
0.164211 0.32
0.164737 0.319474
0.165263 0.32
0.165789 0.320526
0.166316 0.321053
0.166842 0.321579
0.167368 0.322105
0.167895 0.322632
0.168421 0.323158
0.168947 0.323684
0.169474 0.324211
0.17 0.324737
0.170526 0.324211
0.171053 0.324737
0.171579 0.325263
0.172105 0.324737
0.172632 0.325263
0.173158 0.325789
0.173684 0.325263
0.174211 0.324737
0.174737 0.325263
0.175263 0.325789
0.175789 0.325263
0.176316 0.325789
0.176842 0.326316
0.177368 0.326842
0.177895 0.327368
0.178421 0.327895
0.178947 0.328421
0.179474 0.328947
0.18 0.329474
0.180526 0.33
0.181053 0.330526
0.181579 0.331053
0.182105 0.331579
0.182632 0.332105
0.183158 0.332632
0.183684 0.333158
0.184211 0.332632
0.184737 0.333158
0.185263 0.333684
0.185789 0.333158
0.186316 0.332632
0.186842 0.333158
0.187368 0.333684
0.187895 0.334211
0.188421 0.334737
0.188947 0.335263
0.189474 0.335789
0.19 0.336316
0.190526 0.336842
0.191053 0.337368
0.191579 0.337895
0.192105 0.337368
0.192632 0.337895
0.193158 0.337368
0.193684 0.337895
0.194211 0.338421
0.194737 0.338947
0.195263 0.338421
0.195789 0.338947
0.196316 0.338421
0.196842 0.338947
0.197368 0.339474
0.197895 0.34
0.198421 0.340526
0.198947 0.341053
0.199474 0.341579
0.2 0.342105
0.200526 0.342632
0.201053 0.343158
0.201579 0.343684
0.202105 0.344211
0.202632 0.344737
0.203158 0.345263
0.203684 0.344737
0.204211 0.344211
0.204737 0.344737
0.205263 0.345263
0.205789 0.345789
0.206316 0.345263
0.206842 0.345789
0.207368 0.345263
0.207895 0.345789
0.208421 0.345263
0.208947 0.345789
0.209474 0.346316
0.21 0.345789
0.210526 0.346316
0.211053 0.345789
0.211579 0.346316
0.212105 0.345789
0.212632 0.346316
0.213158 0.346842
0.213684 0.346316
0.214211 0.345789
0.214737 0.345263
0.215263 0.345789
0.215789 0.345263
0.216316 0.345789
0.216842 0.346316
0.217368 0.346842
0.217895 0.347368
0.218421 0.347895
0.218947 0.347368
0.219474 0.347895
0.22 0.348421
0.220526 0.347895
0.221053 0.348421
0.221579 0.347895
0.222105 0.348421
0.222632 0.347895
0.223158 0.348421
0.223684 0.347895
0.224211 0.348421
0.224737 0.348947
0.225263 0.349474
0.225789 0.35
0.226316 0.349474
0.226842 0.35
0.227368 0.349474
0.227895 0.35
0.228421 0.350526
0.228947 0.351053
0.229474 0.351579
0.23 0.352105
0.230526 0.352632
0.231053 0.353158
0.231579 0.352632
0.232105 0.353158
0.232632 0.352632
0.233158 0.352105
0.233684 0.351579
0.234211 0.352105
0.234737 0.351579
0.235263 0.352105
0.235789 0.352632
0.236316 0.353158
0.236842 0.352632
0.237368 0.353158
0.237895 0.352632
0.238421 0.353158
0.238947 0.353684
0.239474 0.354211
0.24 0.354737
0.240526 0.354211
0.241053 0.353684
0.241579 0.354211
0.242105 0.354737
0.242632 0.354211
0.243158 0.354737
0.243684 0.354211
0.244211 0.354737
0.244737 0.355263
0.245263 0.355789
0.245789 0.356316
0.246316 0.355789
0.246842 0.356316
0.247368 0.356842
0.247895 0.357368
0.248421 0.356842
0.248947 0.357368
0.249474 0.357895
0.25 0.358421
0.250526 0.358947
0.251053 0.359474
0.251579 0.358947
0.252105 0.359474
0.252632 0.358947
0.253158 0.359474
0.253684 0.36
0.254211 0.359474
0.254737 0.36
0.255263 0.360526
0.255789 0.36
0.256316 0.360526
0.256842 0.361053
0.257368 0.361579
0.257895 0.361053
0.258421 0.360526
0.258947 0.361053
0.259474 0.361579
0.26 0.361053
0.260526 0.361579
0.261053 0.361053
0.261579 0.360526
0.262105 0.36
0.262632 0.360526
0.263158 0.361053
0.263684 0.360526
0.264211 0.361053
0.264737 0.360526
0.265263 0.361053
0.265789 0.361579
0.266316 0.361053
0.266842 0.361579
0.267368 0.362105
0.267895 0.362632
0.268421 0.363158
0.268947 0.362632
0.269474 0.362105
0.27 0.361579
0.270526 0.362105
0.271053 0.362632
0.271579 0.363158
0.272105 0.363684
0.272632 0.364211
0.273158 0.364737
0.273684 0.365263
0.274211 0.364737
0.274737 0.365263
0.275263 0.365789
0.275789 0.366316
0.276316 0.365789
0.276842 0.365263
0.277368 0.365789
0.277895 0.366316
0.278421 0.366842
0.278947 0.367368
0.279474 0.367895
0.28 0.368421
0.280526 0.368947
0.281053 0.369474
0.281579 0.37
0.282105 0.370526
0.282632 0.371053
0.283158 0.371579
0.283684 0.372105
0.284211 0.372632
0.284737 0.373158
0.285263 0.373684
0.285789 0.373158
0.286316 0.373684
0.286842 0.374211
0.287368 0.374737
0.287895 0.374211
0.288421 0.374737
0.288947 0.375263
0.289474 0.375789
0.29 0.375263
0.290526 0.375789
0.291053 0.376316
0.291579 0.376842
0.292105 0.377368
0.292632 0.377895
0.293158 0.378421
0.293684 0.378947
0.294211 0.379474
0.294737 0.378947
0.295263 0.378421
0.295789 0.378947
0.296316 0.379474
0.296842 0.38
0.297368 0.380526
0.297895 0.38
0.298421 0.380526
0.298947 0.381053
0.299474 0.381579
0.3 0.382105
0.300526 0.382632
0.301053 0.382105
0.301579 0.382632
0.302105 0.383158
0.302632 0.382632
0.303158 0.383158
0.303684 0.383684
0.304211 0.384211
0.304737 0.383684
0.305263 0.384211
0.305789 0.384737
0.306316 0.385263
0.306842 0.385789
0.307368 0.385263
0.307895 0.385789
0.308421 0.386316
0.308947 0.386842
0.309474 0.387368
0.31 0.387895
0.310526 0.388421
0.311053 0.388947
0.311579 0.388421
0.312105 0.388947
0.312632 0.389474
0.313158 0.39
0.313684 0.390526
0.314211 0.391053
0.314737 0.391579
0.315263 0.392105
0.315789 0.392632
0.316316 0.393158
0.316842 0.393684
0.317368 0.394211
0.317895 0.394737
0.318421 0.395263
0.318947 0.395789
0.319474 0.396316
0.32 0.396842
0.320526 0.397368
0.321053 0.396842
0.321579 0.397368
0.322105 0.397895
0.322632 0.398421
0.323158 0.397895
0.323684 0.397368
0.324211 0.397895
0.324737 0.398421
0.325263 0.398947
0.325789 0.399474
0.326316 0.4
0.326842 0.400526
0.327368 0.401053
0.327895 0.401579
0.328421 0.402105
0.328947 0.401579
0.329474 0.402105
0.33 0.402632
0.330526 0.403158
0.331053 0.403684
0.331579 0.404211
0.332105 0.404737
0.332632 0.404211
0.333158 0.403684
0.333684 0.404211
0.334211 0.403684
0.334737 0.404211
0.335263 0.403684
0.335789 0.403158
0.336316 0.402632
0.336842 0.403158
0.337368 0.403684
0.337895 0.403158
0.338421 0.403684
0.338947 0.404211
0.339474 0.404737
0.34 0.405263
0.340526 0.405789
0.341053 0.406316
0.341579 0.406842
0.342105 0.407368
0.342632 0.407895
0.343158 0.407368
0.343684 0.407895
0.344211 0.407368
0.344737 0.407895
0.345263 0.408421
0.345789 0.408947
0.346316 0.408421
0.346842 0.408947
0.347368 0.409474
0.347895 0.41
0.348421 0.410526
0.348947 0.411053
0.349474 0.411579
0.35 0.411053
0.350526 0.411579
0.351053 0.411053
0.351579 0.411579
0.352105 0.412105
0.352632 0.411579
0.353158 0.412105
0.353684 0.412632
0.354211 0.413158
0.354737 0.413684
0.355263 0.414211
0.355789 0.414737
0.356316 0.414211
0.356842 0.414737
0.357368 0.415263
0.357895 0.414737
0.358421 0.414211
0.358947 0.414737
0.359474 0.415263
0.36 0.415789
0.360526 0.416316
0.361053 0.416842
0.361579 0.417368
0.362105 0.416842
0.362632 0.417368
0.363158 0.416842
0.363684 0.417368
0.364211 0.417895
0.364737 0.418421
0.365263 0.418947
0.365789 0.419474
0.366316 0.42
0.366842 0.420526
0.367368 0.421053
0.367895 0.421579
0.368421 0.422105
0.368947 0.422632
0.369474 0.423158
0.37 0.423684
0.370526 0.424211
0.371053 0.424737
0.371579 0.424211
0.372105 0.424737
0.372632 0.425263
0.373158 0.425789
0.373684 0.425263
0.374211 0.425789
0.374737 0.425263
0.375263 0.425789
0.375789 0.426316
0.376316 0.425789
0.376842 0.426316
0.377368 0.425789
0.377895 0.426316
0.378421 0.426842
0.378947 0.427368
0.379474 0.426842
0.38 0.427368
0.380526 0.427895
0.381053 0.428421
0.381579 0.428947
0.382105 0.429474
0.382632 0.43
0.383158 0.430526
0.383684 0.431053
0.384211 0.431579
0.384737 0.432105
0.385263 0.432632
0.385789 0.433158
0.386316 0.433684
0.386842 0.434211
0.387368 0.434737
0.387895 0.435263
0.388421 0.435789
0.388947 0.436316
0.389474 0.436842
0.39 0.437368
0.390526 0.437895
0.391053 0.438421
0.391579 0.438947
0.392105 0.439474
0.392632 0.44
0.393158 0.439474
0.393684 0.44
0.394211 0.439474
0.394737 0.44
0.395263 0.440526
0.395789 0.44
0.396316 0.440526
0.396842 0.441053
0.397368 0.441579
0.397895 0.442105
0.398421 0.442632
0.398947 0.443158
0.399474 0.443684
0.4 0.444211
0.400526 0.444737
0.401053 0.444211
0.401579 0.444737
0.402105 0.445263
0.402632 0.444737
0.403158 0.444211
0.403684 0.444737
0.404211 0.445263
0.404737 0.445789
0.405263 0.446316
0.405789 0.446842
0.406316 0.446316
0.406842 0.445789
0.407368 0.445263
0.407895 0.445789
0.408421 0.445263
0.408947 0.445789
0.409474 0.446316
0.41 0.445789
0.410526 0.446316
0.411053 0.446842
0.411579 0.447368
0.412105 0.447895
0.412632 0.448421
0.413158 0.448947
0.413684 0.449474
0.414211 0.448947
0.414737 0.449474
0.415263 0.45
0.415789 0.450526
0.416316 0.451053
0.416842 0.450526
0.417368 0.451053
0.417895 0.450526
0.418421 0.451053
0.418947 0.451579
0.419474 0.451053
0.42 0.451579
0.420526 0.452105
0.421053 0.452632
0.421579 0.453158
0.422105 0.453684
0.422632 0.454211
0.423158 0.454737
0.423684 0.455263
0.424211 0.455789
0.424737 0.456316
0.425263 0.456842
0.425789 0.457368
0.426316 0.457895
0.426842 0.457368
0.427368 0.457895
0.427895 0.458421
0.428421 0.458947
0.428947 0.459474
0.429474 0.46
0.43 0.460526
0.430526 0.461053
0.431053 0.461579
0.431579 0.462105
0.432105 0.462632
0.432632 0.463158
0.433158 0.463684
0.433684 0.463158
0.434211 0.463684
0.434737 0.464211
0.435263 0.464737
0.435789 0.465263
0.436316 0.465789
0.436842 0.466316
0.437368 0.466842
0.437895 0.467368
0.438421 0.467895
0.438947 0.468421
0.439474 0.468947
0.44 0.469474
0.440526 0.47
0.441053 0.470526
0.441579 0.471053
0.442105 0.471579
0.442632 0.472105
0.443158 0.472632
0.443684 0.473158
0.444211 0.473684
0.444737 0.474211
0.445263 0.474737
0.445789 0.475263
0.446316 0.475789
0.446842 0.476316
0.447368 0.475789
0.447895 0.476316
0.448421 0.476842
0.448947 0.477368
0.449474 0.477895
0.45 0.478421
0.450526 0.478947
0.451053 0.479474
0.451579 0.48
0.452105 0.480526
0.452632 0.481053
0.453158 0.481579
0.453684 0.482105
0.454211 0.481579
0.454737 0.482105
0.455263 0.482632
0.455789 0.483158
0.456316 0.483684
0.456842 0.484211
0.457368 0.484737
0.457895 0.484211
0.458421 0.484737
0.458947 0.485263
0.459474 0.485789
0.46 0.486316
0.460526 0.486842
0.461053 0.487368
0.461579 0.487895
0.462105 0.488421
0.462632 0.488947
0.463158 0.489474
0.463684 0.49
0.464211 0.490526
0.464737 0.491053
0.465263 0.491579
0.465789 0.492105
0.466316 0.492632
0.466842 0.493158
0.467368 0.493684
0.467895 0.493158
0.468421 0.493684
0.468947 0.494211
0.469474 0.494737
0.47 0.495263
0.470526 0.495789
0.471053 0.496316
0.471579 0.495789
0.472105 0.496316
0.472632 0.496842
0.473158 0.497368
0.473684 0.497895
0.474211 0.498421
0.474737 0.498947
0.475263 0.499474
0.475789 0.5
0.476316 0.499474
0.476842 0.5
0.477368 0.500526
0.477895 0.501053
0.478421 0.501579
0.478947 0.502105
0.479474 0.502632
0.48 0.502105
0.480526 0.502632
0.481053 0.503158
0.481579 0.503684
0.482105 0.504211
0.482632 0.504737
0.483158 0.505263
0.483684 0.505789
0.484211 0.506316
0.484737 0.505789
0.485263 0.505263
0.485789 0.505789
0.486316 0.505263
0.486842 0.505789
0.487368 0.506316
0.487895 0.506842
0.488421 0.507368
0.488947 0.507895
0.489474 0.508421
0.49 0.508947
0.490526 0.509474
0.491053 0.51
0.491579 0.510526
0.492105 0.51
0.492632 0.510526
0.493158 0.511053
0.493684 0.511579
0.494211 0.512105
0.494737 0.512632
0.495263 0.513158
0.495789 0.513684
0.496316 0.514211
0.496842 0.514737
0.497368 0.515263
0.497895 0.515789
0.498421 0.516316
0.498947 0.516842
0.499474 0.517368
0.5 0.517895
0.500526 0.517368
0.501053 0.517895
0.501579 0.518421
0.502105 0.518947
0.502632 0.519474
0.503158 0.52
0.503684 0.520526
0.504211 0.521053
0.504737 0.521579
0.505263 0.522105
0.505789 0.522632
0.506316 0.523158
0.506842 0.523684
0.507368 0.524211
0.507895 0.523684
0.508421 0.523158
0.508947 0.523684
0.509474 0.524211
0.51 0.524737
0.510526 0.525263
0.511053 0.525789
0.511579 0.526316
0.512105 0.526842
0.512632 0.527368
0.513158 0.527895
0.513684 0.528421
0.514211 0.528947
0.514737 0.529474
0.515263 0.53
0.515789 0.530526
0.516316 0.531053
0.516842 0.531579
0.517368 0.532105
0.517895 0.532632
0.518421 0.533158
0 0
0 0
0 0
0 0
0 0
0 0
0 0
0 0
0 0
0 0
0 0
0 0
0 0
0 0
