-1.11111 1.11111
-1.11 1.11
-1.10889 1.10889
-1.10778 1.10778
-1.10667 1.10667
-1.10556 1.10556
-1.10444 1.10444
-1.10333 1.10333
-1.10222 1.10222
-1.10111 1.10111
-1.1 1.1
-1.09889 1.09889
-1.09778 1.09778
-1.09667 1.09667
-1.09556 1.09556
-1.09444 1.09444
-1.09333 1.09333
-1.09222 1.09222
-1.09111 1.09111
-1.09 1.09
-1.08889 1.08889
-1.08778 1.08778
-1.08667 1.08667
-1.08556 1.08556
-1.08444 1.08444
-1.08333 1.08333
-1.08222 1.08222
-1.08111 1.08111
-1.08 1.08
-1.07889 1.07889
-1.07778 1.07778
-1.07667 1.07667
-1.07556 1.07556
-1.07444 1.07444
-1.07333 1.07333
-1.07222 1.07222
-1.07111 1.07111
-1.07 1.07
-1.06889 1.06889
-1.06778 1.06778
-1.06667 1.06667
-1.06556 1.06556
-1.06444 1.06444
-1.06333 1.06333
-1.06222 1.06222
-1.06111 1.06111
-1.06 1.06
-1.05889 1.05889
-1.05778 1.05778
-1.05667 1.05667
-1.05556 1.05556
-1.05444 1.05444
-1.05333 1.05333
-1.05222 1.05222
-1.05111 1.05111
-1.05 1.05
-1.04889 1.04889
-1.04778 1.04778
-1.04667 1.04667
-1.04556 1.04556
-1.04444 1.04444
-1.04333 1.04333
-1.04222 1.04222
-1.04111 1.04111
-1.04 1.04
-1.03889 1.03889
-1.03778 1.03778
-1.03667 1.03667
-1.03556 1.03556
-1.03444 1.03444
-1.03333 1.03333
-1.03222 1.03222
-1.03111 1.03111
-1.03 1.03
-1.02889 1.02889
-1.02778 1.02778
-1.02667 1.02667
-1.02556 1.02556
-1.02444 1.02444
-1.02333 1.02333
-1.02222 1.02222
-1.02111 1.02111
-1.02 1.02
-1.01889 1.01889
-1.01778 1.01778
-1.01667 1.01667
-1.01556 1.01556
-1.01444 1.01444
-1.01333 1.01333
-1.01222 1.01222
-1.01111 1.01111
-1.01 1.01
-1.00889 1.00889
-1.00778 1.00778
-1.00667 1.00667
-1.00556 1.00556
-1.00444 1.00444
-1.00333 1.00333
-1.00222 1.00222
-1.00111 1.00111
-1 1
-0.998889 0.998889
-0.997778 0.997778
-0.996667 0.996667
-0.995556 0.995556
-0.994444 0.994444
-0.993333 0.993333
-0.992222 0.992222
-0.991111 0.991111
-0.99 0.99
-0.988889 0.988889
-0.987778 0.987778
-0.986667 0.986667
-0.985556 0.985556
-0.984444 0.984444
-0.983333 0.983333
-0.982222 0.982222
-0.981111 0.981111
-0.98 0.98
-0.978889 0.978889
-0.977778 0.977778
-0.976667 0.976667
-0.975556 0.975556
-0.974444 0.974444
-0.973333 0.973333
-0.972222 0.972222
-0.971111 0.971111
-0.97 0.97
-0.968889 0.968889
-0.967778 0.967778
-0.966667 0.966667
-0.965556 0.965556
-0.964444 0.964444
-0.963333 0.963333
-0.962222 0.962222
-0.961111 0.961111
-0.96 0.96
-0.958889 0.958889
-0.957778 0.957778
-0.956667 0.956667
-0.955556 0.955556
-0.954444 0.954444
-0.953333 0.953333
-0.952222 0.952222
-0.951111 0.951111
-0.95 0.95
-0.948889 0.948889
-0.947778 0.947778
-0.946667 0.946667
-0.945556 0.945556
-0.944444 0.944444
-0.943333 0.943333
-0.942222 0.942222
-0.941111 0.941111
-0.94 0.94
-0.938889 0.938889
-0.937778 0.937778
-0.936667 0.936667
-0.935556 0.935556
-0.934444 0.934444
-0.933333 0.933333
-0.932222 0.932222
-0.931111 0.931111
-0.93 0.93
-0.928889 0.928889
-0.927778 0.927778
-0.926667 0.926667
-0.925556 0.925556
-0.924444 0.924444
-0.923333 0.923333
-0.922222 0.922222
-0.921111 0.921111
-0.92 0.92
-0.918889 0.918889
-0.917778 0.917778
-0.916667 0.916667
-0.915556 0.915556
-0.914444 0.914444
-0.913333 0.913333
-0.912222 0.912222
-0.911111 0.911111
-0.91 0.91
-0.908889 0.908889
-0.907778 0.907778
-0.906667 0.906667
-0.905556 0.905556
-0.904444 0.904444
-0.903333 0.903333
-0.902222 0.902222
-0.901111 0.901111
-0.9 0.9
-0.898889 0.898889
-0.897778 0.897778
-0.896667 0.896667
-0.895556 0.895556
-0.894444 0.894444
-0.893333 0.893333
-0.892222 0.892222
-0.891111 0.891111
-0.89 0.89
-0.888889 0.888889
-0.887778 0.887778
-0.886667 0.886667
-0.885556 0.885556
-0.884444 0.884444
-0.883333 0.883333
-0.882222 0.882222
-0.881111 0.881111
-0.88 0.88
-0.878889 0.878889
-0.877778 0.877778
-0.876667 0.876667
-0.875556 0.875556
-0.874444 0.874444
-0.873333 0.873333
-0.872222 0.872222
-0.871111 0.871111
-0.87 0.87
-0.868889 0.868889
-0.867778 0.867778
-0.866667 0.866667
-0.865556 0.865556
-0.864444 0.864444
-0.863333 0.863333
-0.862222 0.862222
-0.861111 0.861111
-0.86 0.86
-0.858889 0.858889
-0.857778 0.857778
-0.856667 0.856667
-0.855556 0.855556
-0.854444 0.854444
-0.853333 0.853333
-0.852222 0.852222
-0.851111 0.851111
-0.85 0.85
-0.848889 0.848889
-0.847778 0.847778
-0.846667 0.846667
-0.845556 0.845556
-0.844444 0.844444
-0.843333 0.843333
-0.842222 0.842222
-0.841111 0.841111
-0.84 0.84
-0.838889 0.838889
-0.837778 0.837778
-0.836667 0.836667
-0.835556 0.835556
-0.834444 0.834444
-0.833333 0.833333
-0.832222 0.832222
-0.831111 0.831111
-0.83 0.83
-0.828889 0.828889
-0.827778 0.827778
-0.826667 0.826667
-0.825556 0.825556
-0.824444 0.824444
-0.823333 0.823333
-0.822222 0.822222
-0.821111 0.821111
-0.82 0.82
-0.818889 0.818889
-0.817778 0.817778
-0.816667 0.816667
-0.815556 0.815556
-0.814444 0.814444
-0.813333 0.813333
-0.812222 0.812222
-0.811111 0.811111
-0.81 0.81
-0.808889 0.808889
-0.807778 0.807778
-0.806667 0.806667
-0.805556 0.805556
-0.804444 0.804444
-0.803333 0.803333
-0.802222 0.802222
-0.801111 0.801111
-0.8 0.8
-0.798889 0.798889
-0.797778 0.797778
-0.796667 0.796667
-0.795556 0.795556
-0.794444 0.794444
-0.793333 0.793333
-0.792222 0.792222
-0.791111 0.791111
-0.79 0.79
-0.788889 0.788889
-0.787778 0.787778
-0.786667 0.786667
-0.785556 0.785556
-0.784444 0.784444
-0.783333 0.783333
-0.782222 0.782222
-0.781111 0.781111
-0.78 0.78
-0.778889 0.778889
-0.777778 0.777778
-0.776667 0.776667
-0.775556 0.775556
-0.774444 0.774444
-0.773333 0.773333
-0.772222 0.772222
-0.771111 0.771111
-0.77 0.77
-0.768889 0.768889
-0.767778 0.767778
-0.766667 0.766667
-0.765556 0.765556
-0.764444 0.764444
-0.763333 0.763333
-0.762222 0.762222
-0.761111 0.761111
-0.76 0.76
-0.758889 0.758889
-0.757778 0.757778
-0.756667 0.756667
-0.755556 0.755556
-0.754444 0.754444
-0.753333 0.753333
-0.752222 0.752222
-0.751111 0.751111
-0.75 0.75
-0.748889 0.748889
-0.747778 0.747778
-0.746667 0.746667
-0.745556 0.745556
-0.744444 0.744444
-0.743333 0.743333
-0.742222 0.742222
-0.741111 0.741111
-0.74 0.74
-0.738889 0.738889
-0.737778 0.737778
-0.736667 0.736667
-0.735556 0.735556
-0.734444 0.734444
-0.733333 0.733333
-0.732222 0.732222
-0.731111 0.731111
-0.73 0.73
-0.728889 0.728889
-0.727778 0.727778
-0.726667 0.726667
-0.725556 0.725556
-0.724444 0.724444
-0.723333 0.723333
-0.722222 0.722222
-0.721111 0.721111
-0.72 0.72
-0.718889 0.718889
-0.717778 0.717778
-0.716667 0.716667
-0.715556 0.715556
-0.714444 0.714444
-0.713333 0.713333
-0.712222 0.712222
-0.711111 0.711111
-0.71 0.71
-0.708889 0.708889
-0.707778 0.707778
-0.706667 0.706667
-0.705556 0.705556
-0.704444 0.704444
-0.703333 0.703333
-0.702222 0.702222
-0.701111 0.701111
-0.7 0.7
-0.698889 0.698889
-0.697778 0.697778
-0.696667 0.696667
-0.695556 0.695556
-0.694444 0.694444
-0.693333 0.693333
-0.692222 0.692222
-0.691111 0.691111
-0.69 0.69
-0.688889 0.688889
-0.687778 0.687778
-0.686667 0.686667
-0.685556 0.685556
-0.684444 0.684444
-0.683333 0.683333
-0.682222 0.682222
-0.681111 0.681111
-0.68 0.68
-0.678889 0.678889
-0.677778 0.677778
-0.676667 0.676667
-0.675556 0.675556
-0.674444 0.674444
-0.673333 0.673333
-0.672222 0.672222
-0.671111 0.671111
-0.67 0.67
-0.668889 0.668889
-0.667778 0.667778
-0.666667 0.666667
-0.665556 0.665556
-0.664444 0.664444
-0.663333 0.663333
-0.662222 0.662222
-0.661111 0.661111
-0.66 0.66
-0.658889 0.658889
-0.657778 0.657778
-0.656667 0.656667
-0.655556 0.655556
-0.654444 0.654444
-0.653333 0.653333
-0.652222 0.652222
-0.651111 0.651111
-0.65 0.65
-0.648889 0.648889
-0.647778 0.647778
-0.646667 0.646667
-0.645556 0.645556
-0.644444 0.644444
-0.643333 0.643333
-0.642222 0.642222
-0.641111 0.641111
-0.64 0.642222
-0.638889 0.641111
-0.637778 0.64
-0.636667 0.638889
-0.635556 0.637778
-0.634444 0.636667
-0.633333 0.635556
-0.632222 0.634444
-0.631111 0.633333
-0.63 0.632222
-0.628889 0.631111
-0.627778 0.63
-0.626667 0.628889
-0.625556 0.627778
-0.624444 0.626667
-0.623333 0.625556
-0.622222 0.624444
-0.621111 0.623333
-0.62 0.622222
-0.618889 0.621111
-0.617778 0.62
-0.616667 0.618889
-0.615556 0.617778
-0.614444 0.616667
-0.613333 0.615556
-0.612222 0.614444
-0.611111 0.613333
-0.61 0.612222
-0.608889 0.611111
-0.607778 0.61
-0.606667 0.608889
-0.605556 0.607778
-0.604444 0.606667
-0.603333 0.607778
-0.602222 0.606667
-0.601111 0.605556
-0.6 0.604444
-0.598889 0.603333
-0.597778 0.602222
-0.596667 0.601111
-0.595556 0.6
-0.594444 0.598889
-0.593333 0.597778
-0.592222 0.596667
-0.591111 0.597778
-0.59 0.596667
-0.588889 0.595556
-0.587778 0.594444
-0.586667 0.593333
-0.585556 0.592222
-0.584444 0.591111
-0.583333 0.59
-0.582222 0.588889
-0.581111 0.587778
-0.58 0.586667
-0.578889 0.585556
-0.577778 0.584444
-0.576667 0.583333
-0.575556 0.582222
-0.574444 0.581111
-0.573333 0.58
-0.572222 0.578889
-0.571111 0.577778
-0.57 0.576667
-0.568889 0.575556
-0.567778 0.574444
-0.566667 0.573333
-0.565556 0.572222
-0.564444 0.571111
-0.563333 0.57
-0.562222 0.568889
-0.561111 0.567778
-0.56 0.566667
-0.558889 0.565556
-0.557778 0.564444
-0.556667 0.563333
-0.555556 0.562222
-0.554444 0.561111
-0.553333 0.56
-0.552222 0.558889
-0.551111 0.557778
-0.55 0.558889
-0.548889 0.557778
-0.547778 0.556667
-0.546667 0.555556
-0.545556 0.554444
-0.544444 0.553333
-0.543333 0.552222
-0.542222 0.551111
-0.541111 0.55
-0.54 0.548889
-0.538889 0.547778
-0.537778 0.546667
-0.536667 0.545556
-0.535556 0.546667
-0.534444 0.545556
-0.533333 0.544444
-0.532222 0.543333
-0.531111 0.542222
-0.53 0.541111
-0.528889 0.542222
-0.527778 0.541111
-0.526667 0.54
-0.525556 0.538889
-0.524444 0.537778
-0.523333 0.536667
-0.522222 0.535556
-0.521111 0.534444
-0.52 0.535556
-0.518889 0.534444
-0.517778 0.535556
-0.516667 0.534444
-0.515556 0.533333
-0.514444 0.532222
-0.513333 0.531111
-0.512222 0.53
-0.511111 0.528889
-0.51 0.527778
-0.508889 0.526667
-0.507778 0.525556
-0.506667 0.524444
-0.505556 0.523333
-0.504444 0.522222
-0.503333 0.521111
-0.502222 0.52
-0.501111 0.518889
-0.5 0.517778
-0.498889 0.516667
-0.497778 0.515556
-0.496667 0.514444
-0.495556 0.513333
-0.494444 0.512222
-0.493333 0.511111
-0.492222 0.51
-0.491111 0.511111
-0.49 0.51
-0.488889 0.511111
-0.487778 0.51
-0.486667 0.508889
-0.485556 0.507778
-0.484444 0.506667
-0.483333 0.505556
-0.482222 0.504444
-0.481111 0.503333
-0.48 0.502222
-0.478889 0.501111
-0.477778 0.5
-0.476667 0.498889
-0.475556 0.497778
-0.474444 0.498889
-0.473333 0.497778
-0.472222 0.496667
-0.471111 0.495556
-0.47 0.494444
-0.468889 0.493333
-0.467778 0.492222
-0.466667 0.491111
-0.465556 0.49
-0.464444 0.488889
-0.463333 0.487778
-0.462222 0.486667
-0.461111 0.485556
-0.46 0.484444
-0.458889 0.485556
-0.457778 0.484444
-0.456667 0.483333
-0.455556 0.482222
-0.454444 0.481111
-0.453333 0.48
-0.452222 0.478889
-0.451111 0.477778
-0.45 0.476667
-0.448889 0.475556
-0.447778 0.474444
-0.446667 0.473333
-0.445556 0.472222
-0.444444 0.471111
-0.443333 0.47
-0.442222 0.468889
-0.441111 0.467778
-0.44 0.468889
-0.438889 0.467778
-0.437778 0.466667
-0.436667 0.465556
-0.435556 0.464444
-0.434444 0.465556
-0.433333 0.464444
-0.432222 0.463333
-0.431111 0.462222
-0.43 0.461111
-0.428889 0.462222
-0.427778 0.461111
-0.426667 0.46
-0.425556 0.458889
-0.424444 0.457778
-0.423333 0.456667
-0.422222 0.455556
-0.421111 0.454444
-0.42 0.453333
-0.418889 0.452222
-0.417778 0.451111
-0.416667 0.45
-0.415556 0.448889
-0.414444 0.45
-0.413333 0.451111
-0.412222 0.45
-0.411111 0.448889
-0.41 0.447778
-0.408889 0.446667
-0.407778 0.445556
-0.406667 0.444444
-0.405556 0.443333
-0.404444 0.442222
-0.403333 0.441111
-0.402222 0.44
-0.401111 0.438889
-0.4 0.437778
-0.398889 0.436667
-0.397778 0.435556
-0.396667 0.436667
-0.395556 0.435556
-0.394444 0.434444
-0.393333 0.433333
-0.392222 0.432222
-0.391111 0.431111
-0.39 0.43
-0.388889 0.431111
-0.387778 0.43
-0.386667 0.428889
-0.385556 0.427778
-0.384444 0.426667
-0.383333 0.425556
-0.382222 0.424444
-0.381111 0.423333
-0.38 0.422222
-0.378889 0.421111
-0.377778 0.42
-0.376667 0.418889
-0.375556 0.417778
-0.374444 0.416667
-0.373333 0.415556
-0.372222 0.414444
-0.371111 0.415556
-0.37 0.414444
-0.368889 0.413333
-0.367778 0.412222
-0.366667 0.411111
-0.365556 0.41
-0.364444 0.408889
-0.363333 0.407778
-0.362222 0.408889
-0.361111 0.407778
-0.36 0.408889
-0.358889 0.407778
-0.357778 0.406667
-0.356667 0.405556
-0.355556 0.404444
-0.354444 0.403333
-0.353333 0.402222
-0.352222 0.401111
-0.351111 0.4
-0.35 0.398889
-0.348889 0.397778
-0.347778 0.396667
-0.346667 0.395556
-0.345556 0.396667
-0.344444 0.397778
-0.343333 0.396667
-0.342222 0.395556
-0.341111 0.394444
-0.34 0.393333
-0.338889 0.392222
-0.337778 0.393333
-0.336667 0.394444
-0.335556 0.393333
-0.334444 0.392222
-0.333333 0.391111
-0.332222 0.392222
-0.331111 0.393333
-0.33 0.392222
-0.328889 0.391111
-0.327778 0.39
-0.326667 0.388889
-0.325556 0.387778
-0.324444 0.386667
-0.323333 0.385556
-0.322222 0.384444
-0.321111 0.383333
-0.32 0.382222
-0.318889 0.381111
-0.317778 0.382222
-0.316667 0.381111
-0.315556 0.38
-0.314444 0.378889
-0.313333 0.38
-0.312222 0.378889
-0.311111 0.38
-0.31 0.381111
-0.308889 0.382222
-0.307778 0.381111
-0.306667 0.382222
-0.305556 0.383333
-0.304444 0.382222
-0.303333 0.383333
-0.302222 0.384444
-0.301111 0.385556
-0.3 0.386667
-0.298889 0.385556
-0.297778 0.384444
-0.296667 0.383333
-0.295556 0.382222
-0.294444 0.381111
-0.293333 0.382222
-0.292222 0.381111
-0.291111 0.38
-0.29 0.378889
-0.288889 0.38
-0.287778 0.378889
-0.286667 0.38
-0.285556 0.381111
-0.284444 0.38
-0.283333 0.378889
-0.282222 0.377778
-0.281111 0.378889
-0.28 0.377778
-0.278889 0.376667
-0.277778 0.375556
-0.276667 0.374444
-0.275556 0.373333
-0.274444 0.372222
-0.273333 0.371111
-0.272222 0.372222
-0.271111 0.371111
-0.27 0.37
-0.268889 0.368889
-0.267778 0.367778
-0.266667 0.366667
-0.265556 0.365556
-0.264444 0.364444
-0.263333 0.363333
-0.262222 0.364444
-0.261111 0.363333
-0.26 0.362222
-0.258889 0.363333
-0.257778 0.364444
-0.256667 0.363333
-0.255556 0.362222
-0.254444 0.361111
-0.253333 0.36
-0.252222 0.358889
-0.251111 0.357778
-0.25 0.358889
-0.248889 0.36
-0.247778 0.358889
-0.246667 0.357778
-0.245556 0.356667
-0.244444 0.355556
-0.243333 0.354444
-0.242222 0.353333
-0.241111 0.354444
-0.24 0.353333
-0.238889 0.352222
-0.237778 0.351111
-0.236667 0.35
-0.235556 0.351111
-0.234444 0.35
-0.233333 0.348889
-0.232222 0.347778
-0.231111 0.346667
-0.23 0.347778
-0.228889 0.346667
-0.227778 0.347778
-0.226667 0.346667
-0.225556 0.347778
-0.224444 0.348889
-0.223333 0.347778
-0.222222 0.348889
-0.221111 0.347778
-0.22 0.348889
-0.218889 0.35
-0.217778 0.351111
-0.216667 0.352222
-0.215556 0.351111
-0.214444 0.352222
-0.213333 0.351111
-0.212222 0.35
-0.211111 0.351111
-0.21 0.352222
-0.208889 0.351111
-0.207778 0.352222
-0.206667 0.353333
-0.205556 0.354444
-0.204444 0.353333
-0.203333 0.352222
-0.202222 0.351111
-0.201111 0.35
-0.2 0.348889
-0.198889 0.347778
-0.197778 0.346667
-0.196667 0.345556
-0.195556 0.344444
-0.194444 0.343333
-0.193333 0.342222
-0.192222 0.341111
-0.191111 0.342222
-0.19 0.341111
-0.188889 0.34
-0.187778 0.341111
-0.186667 0.34
-0.185556 0.338889
-0.184444 0.34
-0.183333 0.341111
-0.182222 0.34
-0.181111 0.341111
-0.18 0.342222
-0.178889 0.341111
-0.177778 0.34
-0.176667 0.341111
-0.175556 0.34
-0.174444 0.338889
-0.173333 0.337778
-0.172222 0.336667
-0.171111 0.337778
-0.17 0.336667
-0.168889 0.335556
-0.167778 0.334444
-0.166667 0.333333
-0.165556 0.334444
-0.164444 0.335556
-0.163333 0.334444
-0.162222 0.333333
-0.161111 0.332222
-0.16 0.331111
-0.158889 0.332222
-0.157778 0.333333
-0.156667 0.332222
-0.155556 0.331111
-0.154444 0.33
-0.153333 0.328889
-0.152222 0.327778
-0.151111 0.326667
-0.15 0.325556
-0.148889 0.324444
-0.147778 0.323333
-0.146667 0.324444
-0.145556 0.323333
-0.144444 0.324444
-0.143333 0.323333
-0.142222 0.324444
-0.141111 0.323333
-0.14 0.322222
-0.138889 0.323333
-0.137778 0.324444
-0.136667 0.325556
-0.135556 0.324444
-0.134444 0.325556
-0.133333 0.326667
-0.132222 0.325556
-0.131111 0.324444
-0.13 0.323333
-0.128889 0.324444
-0.127778 0.323333
-0.126667 0.322222
-0.125556 0.323333
-0.124444 0.324444
-0.123333 0.325556
-0.122222 0.326667
-0.121111 0.325556
-0.12 0.324444
-0.118889 0.323333
-0.117778 0.324444
-0.116667 0.325556
-0.115556 0.324444
-0.114444 0.325556
-0.113333 0.324444
-0.112222 0.325556
-0.111111 0.324444
-0.11 0.325556
-0.108889 0.326667
-0.107778 0.325556
-0.106667 0.324444
-0.105556 0.323333
-0.104444 0.324444
-0.103333 0.323333
-0.102222 0.322222
-0.101111 0.323333
-0.1 0.322222
-0.0988889 0.321111
-0.0977778 0.32
-0.0966667 0.318889
-0.0955556 0.317778
-0.0944444 0.318889
-0.0933333 0.317778
-0.0922222 0.316667
-0.0911111 0.317778
-0.09 0.316667
-0.0888889 0.315556
-0.0877778 0.314444
-0.0866667 0.315556
-0.0855556 0.314444
-0.0844444 0.313333
-0.0833333 0.312222
-0.0822222 0.311111
-0.0811111 0.31
-0.08 0.311111
-0.0788889 0.312222
-0.0777778 0.311111
-0.0766667 0.31
-0.0755556 0.308889
-0.0744444 0.307778
-0.0733333 0.308889
-0.0722222 0.31
-0.0711111 0.308889
-0.07 0.31
-0.0688889 0.311111
-0.0677778 0.312222
-0.0666667 0.313333
-0.0655556 0.312222
-0.0644444 0.311111
-0.0633333 0.31
-0.0622222 0.308889
-0.0611111 0.307778
-0.06 0.308889
-0.0588889 0.31
-0.0577778 0.308889
-0.0566667 0.307778
-0.0555556 0.306667
-0.0544444 0.305556
-0.0533333 0.306667
-0.0522222 0.305556
-0.0511111 0.304444
-0.05 0.305556
-0.0488889 0.306667
-0.0477778 0.307778
-0.0466667 0.308889
-0.0455556 0.31
-0.0444444 0.308889
-0.0433333 0.307778
-0.0422222 0.308889
-0.0411111 0.31
-0.04 0.308889
-0.0388889 0.307778
-0.0377778 0.306667
-0.0366667 0.305556
-0.0355556 0.304444
-0.0344444 0.305556
-0.0333333 0.306667
-0.0322222 0.307778
-0.0311111 0.308889
-0.03 0.31
-0.0288889 0.311111
-0.0277778 0.312222
-0.0266667 0.313333
-0.0255556 0.314444
-0.0244444 0.313333
-0.0233333 0.312222
-0.0222222 0.311111
-0.0211111 0.31
-0.02 0.308889
-0.0188889 0.307778
-0.0177778 0.308889
-0.0166667 0.31
-0.0155556 0.308889
-0.0144444 0.31
-0.0133333 0.311111
-0.0122222 0.312222
-0.0111111 0.313333
-0.01 0.312222
-0.00888889 0.313333
-0.00777778 0.312222
-0.00666667 0.313333
-0.00555556 0.314444
-0.00444444 0.313333
-0.00333333 0.314444
-0.00222222 0.313333
-0.00111111 0.312222
0 0.313333
0.00111111 0.312222
0.00222222 0.311111
0.00333333 0.31
0.00444444 0.308889
0.00555556 0.307778
0.00666667 0.308889
0.00777778 0.307778
0.00888889 0.308889
0.01 0.31
0.0111111 0.311111
0.0122222 0.31
0.0133333 0.308889
0.0144444 0.31
0.0155556 0.308889
0.0166667 0.31
0.0177778 0.311111
0.0188889 0.31
0.02 0.308889
0.0211111 0.31
0.0222222 0.311111
0.0233333 0.312222
0.0244444 0.313333
0.0255556 0.312222
0.0266667 0.311111
0.0277778 0.31
0.0288889 0.308889
0.03 0.307778
0.0311111 0.308889
0.0322222 0.307778
0.0333333 0.308889
0.0344444 0.307778
0.0355556 0.308889
0.0366667 0.307778
0.0377778 0.308889
0.0388889 0.31
0.04 0.311111
0.0411111 0.31
0.0422222 0.311111
0.0433333 0.31
0.0444444 0.311111
0.0455556 0.31
0.0466667 0.311111
0.0477778 0.31
0.0488889 0.311111
0.05 0.312222
0.0511111 0.313333
0.0522222 0.314444
0.0533333 0.315556
0.0544444 0.316667
0.0555556 0.317778
0.0566667 0.316667
0.0577778 0.317778
0.0588889 0.316667
0.06 0.315556
0.0611111 0.316667
0.0622222 0.315556
0.0633333 0.314444
0.0644444 0.315556
0.0655556 0.314444
0.0666667 0.313333
0.0677778 0.314444
0.0688889 0.313333
0.07 0.314444
0.0711111 0.315556
0.0722222 0.316667
0.0733333 0.315556
0.0744444 0.314444
0.0755556 0.313333
0.0766667 0.314444
0.0777778 0.315556
0.0788889 0.316667
0.08 0.317778
0.0811111 0.316667
0.0822222 0.317778
0.0833333 0.318889
0.0844444 0.317778
0.0855556 0.318889
0.0866667 0.317778
0.0877778 0.316667
0.0888889 0.317778
0.09 0.316667
0.0911111 0.315556
0.0922222 0.314444
0.0933333 0.313333
0.0944444 0.312222
0.0955556 0.313333
0.0966667 0.314444
0.0977778 0.315556
0.0988889 0.314444
0.1 0.315556
0.101111 0.316667
0.102222 0.317778
0.103333 0.316667
0.104444 0.315556
0.105556 0.314444
0.106667 0.313333
0.107778 0.314444
0.108889 0.313333
0.11 0.312222
0.111111 0.311111
0.112222 0.312222
0.113333 0.313333
0.114444 0.312222
0.115556 0.313333
0.116667 0.314444
0.117778 0.315556
0.118889 0.314444
0.12 0.313333
0.121111 0.314444
0.122222 0.315556
0.123333 0.316667
0.124444 0.317778
0.125556 0.316667
0.126667 0.315556
0.127778 0.316667
0.128889 0.317778
0.13 0.318889
0.131111 0.32
0.132222 0.321111
0.133333 0.322222
0.134444 0.323333
0.135556 0.324444
0.136667 0.325556
0.137778 0.324444
0.138889 0.325556
0.14 0.326667
0.141111 0.327778
0.142222 0.328889
0.143333 0.33
0.144444 0.331111
0.145556 0.332222
0.146667 0.331111
0.147778 0.33
0.148889 0.328889
0.15 0.327778
0.151111 0.326667
0.152222 0.325556
0.153333 0.324444
0.154444 0.323333
0.155556 0.324444
0.156667 0.325556
0.157778 0.324444
0.158889 0.325556
0.16 0.326667
0.161111 0.325556
0.162222 0.326667
0.163333 0.325556
0.164444 0.324444
0.165556 0.325556
0.166667 0.324444
0.167778 0.325556
0.168889 0.326667
0.17 0.327778
0.171111 0.328889
0.172222 0.33
0.173333 0.328889
0.174444 0.33
0.175556 0.328889
0.176667 0.327778
0.177778 0.326667
0.178889 0.327778
0.18 0.326667
0.181111 0.325556
0.182222 0.326667
0.183333 0.325556
0.184444 0.326667
0.185556 0.327778
0.186667 0.328889
0.187778 0.327778
0.188889 0.328889
0.19 0.327778
0.191111 0.328889
0.192222 0.33
0.193333 0.331111
0.194444 0.332222
0.195556 0.333333
0.196667 0.332222
0.197778 0.331111
0.198889 0.332222
0.2 0.333333
0.201111 0.334444
0.202222 0.333333
0.203333 0.332222
0.204444 0.333333
0.205556 0.334444
0.206667 0.335556
0.207778 0.336667
0.208889 0.337778
0.21 0.338889
0.211111 0.34
0.212222 0.341111
0.213333 0.342222
0.214444 0.343333
0.215556 0.344444
0.216667 0.345556
0.217778 0.346667
0.218889 0.347778
0.22 0.348889
0.221111 0.347778
0.222222 0.348889
0.223333 0.35
0.224444 0.351111
0.225556 0.352222
0.226667 0.353333
0.227778 0.354444
0.228889 0.353333
0.23 0.354444
0.231111 0.355556
0.232222 0.356667
0.233333 0.357778
0.234444 0.358889
0.235556 0.36
0.236667 0.361111
0.237778 0.362222
0.238889 0.361111
0.24 0.362222
0.241111 0.361111
0.242222 0.362222
0.243333 0.363333
0.244444 0.364444
0.245556 0.365556
0.246667 0.366667
0.247778 0.365556
0.248889 0.366667
0.25 0.367778
0.251111 0.368889
0.252222 0.37
0.253333 0.371111
0.254444 0.372222
0.255556 0.371111
0.256667 0.37
0.257778 0.371111
0.258889 0.37
0.26 0.368889
0.261111 0.37
0.262222 0.371111
0.263333 0.372222
0.264444 0.373333
0.265556 0.372222
0.266667 0.373333
0.267778 0.374444
0.268889 0.373333
0.27 0.372222
0.271111 0.371111
0.272222 0.372222
0.273333 0.371111
0.274444 0.372222
0.275556 0.373333
0.276667 0.374444
0.277778 0.375556
0.278889 0.376667
0.28 0.377778
0.281111 0.378889
0.282222 0.377778
0.283333 0.378889
0.284444 0.377778
0.285556 0.378889
0.286667 0.38
0.287778 0.381111
0.288889 0.382222
0.29 0.383333
0.291111 0.384444
0.292222 0.385556
0.293333 0.386667
0.294444 0.387778
0.295556 0.386667
0.296667 0.387778
0.297778 0.388889
0.298889 0.39
0.3 0.391111
0.301111 0.392222
0.302222 0.393333
0.303333 0.394444
0.304444 0.393333
0.305556 0.394444
0.306667 0.395556
0.307778 0.394444
0.308889 0.393333
0.31 0.394444
0.311111 0.393333
0.312222 0.394444
0.313333 0.393333
0.314444 0.394444
0.315556 0.395556
0.316667 0.396667
0.317778 0.395556
0.318889 0.396667
0.32 0.397778
0.321111 0.396667
0.322222 0.395556
0.323333 0.396667
0.324444 0.395556
0.325556 0.396667
0.326667 0.397778
0.327778 0.396667
0.328889 0.397778
0.33 0.396667
0.331111 0.395556
0.332222 0.396667
0.333333 0.395556
0.334444 0.396667
0.335556 0.397778
0.336667 0.398889
0.337778 0.4
0.338889 0.401111
0.34 0.402222
0.341111 0.403333
0.342222 0.402222
0.343333 0.401111
0.344444 0.402222
0.345556 0.403333
0.346667 0.404444
0.347778 0.405556
0.348889 0.406667
0.35 0.407778
0.351111 0.406667
0.352222 0.407778
0.353333 0.406667
0.354444 0.405556
0.355556 0.406667
0.356667 0.407778
0.357778 0.408889
0.358889 0.41
0.36 0.408889
0.361111 0.41
0.362222 0.408889
0.363333 0.41
0.364444 0.408889
0.365556 0.41
0.366667 0.411111
0.367778 0.412222
0.368889 0.413333
0.37 0.414444
0.371111 0.415556
0.372222 0.416667
0.373333 0.415556
0.374444 0.416667
0.375556 0.417778
0.376667 0.418889
0.377778 0.42
0.378889 0.421111
0.38 0.422222
0.381111 0.423333
0.382222 0.424444
0.383333 0.425556
0.384444 0.426667
0.385556 0.427778
0.386667 0.428889
0.387778 0.43
0.388889 0.431111
0.39 0.432222
0.391111 0.433333
0.392222 0.434444
0.393333 0.435556
0.394444 0.436667
0.395556 0.437778
0.396667 0.438889
0.397778 0.44
0.398889 0.438889
0.4 0.44
0.401111 0.441111
0.402222 0.442222
0.403333 0.443333
0.404444 0.444444
0.405556 0.445556
0.406667 0.446667
0.407778 0.447778
0.408889 0.448889
0.41 0.45
0.411111 0.451111
0.412222 0.452222
0.413333 0.451111
0.414444 0.452222
0.415556 0.453333
0.416667 0.454444
0.417778 0.455556
0.418889 0.456667
0.42 0.457778
0.421111 0.458889
0.422222 0.46
0.423333 0.461111
0.424444 0.462222
0.425556 0.463333
0.426667 0.464444
0.427778 0.465556
0.428889 0.466667
0.43 0.467778
0.431111 0.468889
0.432222 0.47
0.433333 0.468889
0.434444 0.47
0.435556 0.471111
0.436667 0.472222
0.437778 0.473333
0.438889 0.474444
0.44 0.475556
0.441111 0.476667
0.442222 0.477778
0.443333 0.478889
0.444444 0.48
0.445556 0.481111
0.446667 0.482222
0.447778 0.483333
0.448889 0.484444
0.45 0.485556
0.451111 0.486667
0.452222 0.487778
0.453333 0.488889
0.454444 0.487778
0.455556 0.488889
0.456667 0.49
0.457778 0.491111
0.458889 0.492222
0.46 0.493333
0.461111 0.494444
0.462222 0.495556
0.463333 0.494444
0.464444 0.495556
0.465556 0.496667
0.466667 0.495556
0.467778 0.496667
0.468889 0.497778
0.47 0.498889
0.471111 0.497778
0.472222 0.498889
0.473333 0.5
0.474444 0.501111
0.475556 0.502222
0.476667 0.503333
0.477778 0.504444
0.478889 0.505556
0.48 0.506667
0.481111 0.507778
0.482222 0.508889
0.483333 0.51
0.484444 0.511111
0.485556 0.512222
0.486667 0.513333
0.487778 0.514444
0.488889 0.515556
0.49 0.516667
0.491111 0.517778
0.492222 0.518889
0.493333 0.52
0.494444 0.521111
0.495556 0.52
0.496667 0.518889
0.497778 0.52
0.498889 0.521111
0.5 0.522222
0.501111 0.523333
0.502222 0.524444
0.503333 0.525556
0.504444 0.524444
0.505556 0.525556
0.506667 0.526667
0.507778 0.527778
0.508889 0.528889
0.51 0.53
0.511111 0.531111
0.512222 0.532222
0.513333 0.533333
0.514444 0.534444
0.515556 0.535556
0.516667 0.536667
0.517778 0.535556
0.518889 0.536667
0.52 0.537778
0.521111 0.538889
0.522222 0.54
0.523333 0.541111
0.524444 0.542222
0.525556 0.543333
0.526667 0.544444
0.527778 0.543333
0.528889 0.544444
0.53 0.545556
0.531111 0.546667
0.532222 0.547778
0.533333 0.548889
0.534444 0.55
0.535556 0.551111
0.536667 0.552222
0.537778 0.553333
0.538889 0.552222
0.54 0.553333
0.541111 0.554444
0.542222 0.555556
0.543333 0.556667
0.544444 0.557778
0.545556 0.558889
0.546667 0.56
0.547778 0.561111
0.548889 0.562222
0.55 0.563333
0.551111 0.564444
0.552222 0.565556
0.553333 0.566667
0.554444 0.567778
0.555556 0.568889
0.556667 0.57
0.557778 0.571111
0.558889 0.572222
0.56 0.573333
0.561111 0.574444
0.562222 0.575556
0.563333 0.576667
0.564444 0.577778
0.565556 0.578889
0.566667 0.58
0.567778 0.581111
0.568889 0.582222
0.57 0.583333
0.571111 0.584444
0.572222 0.585556
0.573333 0.586667
0.574444 0.585556
0.575556 0.586667
0.576667 0.587778
0.577778 0.588889
0.578889 0.587778
0.58 0.588889
0.581111 0.59
0.582222 0.591111
0.583333 0.592222
0.584444 0.591111
0.585556 0.592222
0.586667 0.593333
0.587778 0.594444
0.588889 0.595556
0.59 0.596667
0.591111 0.597778
0.592222 0.598889
0.593333 0.6
0.594444 0.598889
0.595556 0.6
0.596667 0.601111
0.597778 0.602222
0.598889 0.603333
0.6 0.604444
0.601111 0.605556
0.602222 0.606667
0.603333 0.605556
0.604444 0.606667
0.605556 0.607778
0.606667 0.608889
0.607778 0.61
0.608889 0.611111
0.61 0.612222
0.611111 0.613333
0.612222 0.614444
0.613333 0.615556
0.614444 0.616667
0.615556 0.617778
0.616667 0.618889
0.617778 0.62
0.618889 0.621111
0.62 0.622222
0.621111 0.623333
0.622222 0.624444
0.623333 0.625556
0.624444 0.626667
0.625556 0.627778
0.626667 0.628889
0.627778 0.63
0.628889 0.631111
0.63 0.632222
0.631111 0.633333
0.632222 0.634444
0.633333 0.635556
0.634444 0.636667
0.635556 0.637778
0.636667 0.638889
0.637778 0.64
0.638889 0.641111
0.64 0.642222
0.641111 0.643333
0.642222 0.644444
0.643333 0.645556
0.644444 0.646667
0.645556 0.647778
0.646667 0.648889
0.647778 0.65
0.648889 0.651111
0.65 0.652222
0.651111 0.653333
0.652222 0.654444
0.653333 0.655556
0.654444 0.656667
0.655556 0.657778
0.656667 0.658889
0.657778 0.66
0.658889 0.661111
0.66 0.662222
0.661111 0.663333
0.662222 0.664444
0.663333 0.665556
0.664444 0.666667
0.665556 0.667778
0.666667 0.668889
0.667778 0.67
0.668889 0.671111
0.67 0.672222
0.671111 0.673333
0.672222 0.674444
0.673333 0.675556
0.674444 0.676667
0.675556 0.677778
0.676667 0.678889
0.677778 0.68
0.678889 0.681111
0.68 0.682222
0.681111 0.683333
0.682222 0.684444
0.683333 0.685556
0.684444 0.686667
0.685556 0.687778
0.686667 0.688889
0.687778 0.69
0.688889 0.691111
0.69 0.692222
0.691111 0.693333
0.692222 0.694444
0.693333 0.695556
0.694444 0.696667
0.695556 0.697778
0.696667 0.698889
0.697778 0.7
0.698889 0.701111
0.7 0.702222
0.701111 0.703333
0.702222 0.704444
0.703333 0.705556
0.704444 0.706667
0.705556 0.707778
0.706667 0.708889
0.707778 0.71
0.708889 0.711111
0.71 0.712222
0.711111 0.713333
0.712222 0.714444
0.713333 0.715556
0.714444 0.716667
0.715556 0.717778
0.716667 0.718889
0.717778 0.72
0.718889 0.721111
0.72 0.722222
0.721111 0.723333
0.722222 0.724444
0.723333 0.725556
0.724444 0.726667
0.725556 0.727778
0.726667 0.728889
0.727778 0.73
0.728889 0.731111
0.73 0.732222
0.731111 0.733333
0.732222 0.734444
0.733333 0.735556
0.734444 0.736667
0.735556 0.737778
0.736667 0.738889
0.737778 0.74
0.738889 0.741111
0.74 0.742222
0.741111 0.743333
0.742222 0.744444
0.743333 0.745556
0.744444 0.746667
0.745556 0.747778
0.746667 0.748889
0.747778 0.75
0.748889 0.751111
0.75 0.752222
0.751111 0.753333
0.752222 0.754444
0.753333 0.755556
0.754444 0.756667
0.755556 0.757778
0.756667 0.758889
0.757778 0.76
0.758889 0.761111
0.76 0.762222
0.761111 0.763333
0.762222 0.764444
0.763333 0.765556
0.764444 0.766667
0.765556 0.767778
0.766667 0.768889
0.767778 0.77
0.768889 0.771111
0.77 0.772222
0.771111 0.773333
0.772222 0.774444
0.773333 0.775556
0.774444 0.776667
0.775556 0.777778
0.776667 0.778889
0.777778 0.78
0.778889 0.781111
0.78 0.782222
0.781111 0.783333
0.782222 0.784444
0.783333 0.785556
0.784444 0.786667
0.785556 0.787778
0.786667 0.786667
0.787778 0.787778
0.788889 0.788889
0.79 0.79
0.791111 0.791111
0.792222 0.792222
0.793333 0.793333
0.794444 0.794444
0.795556 0.795556
0.796667 0.796667
0.797778 0.797778
0.798889 0.798889
0.8 0.8
0.801111 0.801111
0.802222 0.802222
0.803333 0.803333
0.804444 0.804444
0.805556 0.805556
0.806667 0.806667
0.807778 0.807778
0.808889 0.808889
0.81 0.81
0.811111 0.811111
0.812222 0.812222
0.813333 0.813333
0.814444 0.814444
0.815556 0.815556
0.816667 0.816667
0.817778 0.817778
0.818889 0.818889
0.82 0.82
0.821111 0.821111
0.822222 0.822222
0.823333 0.823333
0.824444 0.824444
0.825556 0.825556
0.826667 0.826667
0.827778 0.827778
0.828889 0.828889
0.83 0.83
0.831111 0.831111
0.832222 0.832222
0.833333 0.833333
0.834444 0.834444
0.835556 0.835556
0.836667 0.836667
0.837778 0.837778
0.838889 0.838889
0.84 0.84
0.841111 0.841111
0.842222 0.842222
0.843333 0.843333
0.844444 0.844444
0.845556 0.845556
0.846667 0.846667
0.847778 0.847778
0.848889 0.848889
0.85 0.85
0.851111 0.851111
0.852222 0.852222
0.853333 0.853333
0.854444 0.854444
0.855556 0.855556
0.856667 0.856667
0.857778 0.857778
0.858889 0.858889
0.86 0.86
0.861111 0.861111
0.862222 0.862222
0.863333 0.863333
0.864444 0.864444
0.865556 0.865556
0.866667 0.866667
0.867778 0.867778
0.868889 0.868889
0.87 0.87
0.871111 0.871111
0.872222 0.872222
0.873333 0.873333
0.874444 0.874444
0.875556 0.875556
0.876667 0.876667
0.877778 0.877778
0.878889 0.878889
0.88 0.88
0.881111 0.881111
0.882222 0.882222
0.883333 0.883333
0.884444 0.884444
0.885556 0.885556
0.886667 0.886667
0.887778 0.887778
0.888889 0.888889
0.89 0.89
0.891111 0.891111
0.892222 0.892222
0.893333 0.893333
0.894444 0.894444
0.895556 0.895556
0.896667 0.896667
0.897778 0.897778
0.898889 0.898889
0.9 0.9
0.901111 0.901111
0.902222 0.902222
0.903333 0.903333
0.904444 0.904444
0.905556 0.905556
0.906667 0.906667
0.907778 0.907778
0.908889 0.908889
0.91 0.91
0.911111 0.911111
0.912222 0.912222
0.913333 0.913333
0.914444 0.914444
0.915556 0.915556
0.916667 0.916667
0.917778 0.917778
0.918889 0.918889
0.92 0.92
0.921111 0.921111
0.922222 0.922222
0.923333 0.923333
0.924444 0.924444
0.925556 0.925556
0.926667 0.926667
0.927778 0.927778
0.928889 0.928889
0.93 0.93
0.931111 0.931111
0.932222 0.932222
0.933333 0.933333
0.934444 0.934444
0.935556 0.935556
0.936667 0.936667
0.937778 0.937778
0.938889 0.938889
0.94 0.94
0.941111 0.941111
0.942222 0.942222
0.943333 0.943333
0.944444 0.944444
0.945556 0.945556
0.946667 0.946667
0.947778 0.947778
0.948889 0.948889
0.95 0.95
0.951111 0.951111
0.952222 0.952222
0.953333 0.953333
0.954444 0.954444
0.955556 0.955556
0.956667 0.956667
0.957778 0.957778
0.958889 0.958889
0.96 0.96
0.961111 0.961111
0.962222 0.962222
0.963333 0.963333
0.964444 0.964444
0.965556 0.965556
0.966667 0.966667
0.967778 0.967778
0.968889 0.968889
0.97 0.97
0.971111 0.971111
0.972222 0.972222
0.973333 0.973333
0.974444 0.974444
0.975556 0.975556
0.976667 0.976667
0.977778 0.977778
0.978889 0.978889
0.98 0.98
0.981111 0.981111
0.982222 0.982222
0.983333 0.983333
0.984444 0.984444
0.985556 0.985556
0.986667 0.986667
0.987778 0.987778
0.988889 0.988889
0.99 0.99
0.991111 0.991111
0.992222 0.992222
0.993333 0.993333
0.994444 0.994444
0.995556 0.995556
0.996667 0.996667
0.997778 0.997778
0.998889 0.998889
1 1
1.00111 1.00111
1.00222 1.00222
1.00333 1.00333
1.00444 1.00444
1.00556 1.00556
1.00667 1.00667
1.00778 1.00778
1.00889 1.00889
1.01 1.01
1.01111 1.01111
1.01222 1.01222
1.01333 1.01333
1.01444 1.01444
1.01556 1.01556
1.01667 1.01667
1.01778 1.01778
1.01889 1.01889
1.02 1.02
1.02111 1.02111
1.02222 1.02222
1.02333 1.02333
1.02444 1.02444
1.02556 1.02556
1.02667 1.02667
1.02778 1.02778
1.02889 1.02889
1.03 1.03
1.03111 1.03111
1.03222 1.03222
1.03333 1.03333
1.03444 1.03444
1.03556 1.03556
1.03667 1.03667
1.03778 1.03778
1.03889 1.03889
1.04 1.04
1.04111 1.04111
1.04222 1.04222
1.04333 1.04333
1.04444 1.04444
1.04556 1.04556
1.04667 1.04667
1.04778 1.04778
1.04889 1.04889
1.05 1.05
1.05111 1.05111
1.05222 1.05222
1.05333 1.05333
1.05444 1.05444
1.05556 1.05556
1.05667 1.05667
1.05778 1.05778
1.05889 1.05889
1.06 1.06
1.06111 1.06111
1.06222 1.06222
1.06333 1.06333
1.06444 1.06444
1.06556 1.06556
1.06667 1.06667
1.06778 1.06778
1.06889 1.06889
1.07 1.07
1.07111 1.07111
1.07222 1.07222
1.07333 1.07333
1.07444 1.07444
1.07556 1.07556
1.07667 1.07667
1.07778 1.07778
1.07889 1.07889
1.08 1.08
1.08111 1.08111
1.08222 1.08222
1.08333 1.08333
1.08444 1.08444
1.08556 1.08556
1.08667 1.08667
1.08778 1.08778
1.08889 1.08889
1.09 1.09
1.09111 1.09111
1.09222 1.09222
1.09333 1.09333
1.09444 1.09444
1.09556 1.09556
1.09667 1.09667
1.09778 1.09778
1.09889 1.09889
1.1 1.1
1.10111 1.10111
1.10222 1.10222
1.10333 1.10333
1.10444 1.10444
1.10556 1.10556
1.10667 1.10667
1.10778 1.10778
1.10889 1.10889
1.11 1.11
